
  1D histogram 0: Edep in absorber
 
 	     X 		     Y
  0	2.290000e-01	3.100000e+01
  1	2.870000e-01	3.700000e+01
  2	3.450000e-01	3.400000e+01
  3	4.030000e-01	4.400000e+01
  4	4.610000e-01	4.100000e+01
  5	5.190000e-01	3.800000e+01
  6	5.770000e-01	3.700000e+01
  7	6.350000e-01	3.100000e+01
  8	6.930000e-01	3.900000e+01
  9	7.510000e-01	4.400000e+01
  10	8.090000e-01	3.600000e+01
  11	8.670000e-01	5.300000e+01
  12	9.250000e-01	4.300000e+01
  13	9.830000e-01	4.600000e+01
  14	1.041000e+00	5.400000e+01
  15	1.099000e+00	3.300000e+01
  16	1.157000e+00	4.000000e+01
  17	1.215000e+00	6.200000e+01
  18	1.273000e+00	5.000000e+01
  19	1.331000e+00	6.900000e+01
  20	1.389000e+00	6.500000e+01
  21	1.447000e+00	6.300000e+01
  22	1.505000e+00	6.900000e+01
  23	1.563000e+00	6.700000e+01
  24	1.621000e+00	6.000000e+01
  25	1.679000e+00	7.500000e+01
  26	1.737000e+00	9.000000e+01
  27	1.795000e+00	8.100000e+01
  28	1.853000e+00	1.030000e+02
  29	1.911000e+00	1.050000e+02
  30	1.969000e+00	9.100000e+01
  31	2.027000e+00	1.060000e+02
  32	2.085000e+00	1.130000e+02
  33	2.143000e+00	1.120000e+02
  34	2.201000e+00	1.110000e+02
  35	2.259000e+00	1.200000e+02
  36	2.317000e+00	1.200000e+02
  37	2.375000e+00	1.130000e+02
  38	2.433000e+00	1.410000e+02
  39	2.491000e+00	1.420000e+02
  40	2.549000e+00	1.510000e+02
  41	2.607000e+00	1.570000e+02
  42	2.665000e+00	1.640000e+02
  43	2.723000e+00	1.800000e+02
  44	2.781000e+00	1.780000e+02
  45	2.839000e+00	1.930000e+02
  46	2.897000e+00	2.210000e+02
  47	2.955000e+00	2.200000e+02
  48	3.013000e+00	2.250000e+02
  49	3.071000e+00	2.370000e+02
  50	3.129000e+00	2.380000e+02
  51	3.187000e+00	2.780000e+02
  52	3.245000e+00	2.840000e+02
  53	3.303000e+00	3.220000e+02
  54	3.361000e+00	3.700000e+02
  55	3.419000e+00	3.870000e+02
  56	3.477000e+00	4.000000e+02
  57	3.535000e+00	4.170000e+02
  58	3.593000e+00	4.510000e+02
  59	3.651000e+00	5.020000e+02
  60	3.709000e+00	5.090000e+02
  61	3.767000e+00	5.880000e+02
  62	3.825000e+00	6.400000e+02
  63	3.883000e+00	7.130000e+02
  64	3.941000e+00	7.990000e+02
  65	3.999000e+00	9.160000e+02
  66	4.057000e+00	1.029000e+03
  67	4.115000e+00	1.070000e+03
  68	4.173000e+00	1.260000e+03
  69	4.231000e+00	1.355000e+03
  70	4.289000e+00	1.294000e+03
  71	4.347000e+00	4.880000e+02
  72	4.405000e+00	3.700000e+01
  73	4.463000e+00	0.000000e+00
  74	4.521000e+00	0.000000e+00
  75	4.579000e+00	1.000000e+00
  76	4.637000e+00	0.000000e+00
  77	4.695000e+00	0.000000e+00
  78	4.753000e+00	1.000000e+00
  79	4.811000e+00	1.000000e+00
  80	4.869000e+00	0.000000e+00
  81	4.927000e+00	0.000000e+00
  82	4.985000e+00	0.000000e+00
  83	5.043000e+00	1.000000e+00
  84	5.101000e+00	4.000000e+00
  85	5.159000e+00	0.000000e+00
  86	5.217000e+00	0.000000e+00
  87	5.275000e+00	0.000000e+00
  88	5.333000e+00	0.000000e+00
  89	5.391000e+00	0.000000e+00
  90	5.449000e+00	0.000000e+00
  91	5.507000e+00	0.000000e+00
  92	5.565000e+00	0.000000e+00
  93	5.623000e+00	0.000000e+00
  94	5.681000e+00	0.000000e+00
  95	5.739000e+00	0.000000e+00
  96	5.797000e+00	0.000000e+00
  97	5.855000e+00	0.000000e+00
  98	5.913000e+00	0.000000e+00
  99	5.971000e+00	0.000000e+00

