
  1D histogram 0: Edep in absorber
 
 	     X 		     Y
  0	2.290000e-01	1.680000e+02
  1	2.870000e-01	8.600000e+01
  2	3.450000e-01	6.900000e+01
  3	4.030000e-01	3.400000e+01
  4	4.610000e-01	3.200000e+01
  5	5.190000e-01	2.600000e+01
  6	5.770000e-01	1.300000e+01
  7	6.350000e-01	2.100000e+01
  8	6.930000e-01	9.000000e+00
  9	7.510000e-01	1.300000e+01
  10	8.090000e-01	7.000000e+00
  11	8.670000e-01	9.000000e+00
  12	9.250000e-01	4.000000e+00
  13	9.830000e-01	7.000000e+00
  14	1.041000e+00	6.000000e+00
  15	1.099000e+00	2.000000e+00
  16	1.157000e+00	5.000000e+00
  17	1.215000e+00	4.000000e+00
  18	1.273000e+00	2.000000e+00
  19	1.331000e+00	4.000000e+00
  20	1.389000e+00	0.000000e+00
  21	1.447000e+00	5.000000e+00
  22	1.505000e+00	1.000000e+00
  23	1.563000e+00	1.000000e+00
  24	1.621000e+00	2.000000e+00
  25	1.679000e+00	3.000000e+00
  26	1.737000e+00	0.000000e+00
  27	1.795000e+00	2.000000e+00
  28	1.853000e+00	2.000000e+00
  29	1.911000e+00	1.000000e+00
  30	1.969000e+00	2.000000e+00
  31	2.027000e+00	1.000000e+00
  32	2.085000e+00	1.000000e+00
  33	2.143000e+00	2.000000e+00
  34	2.201000e+00	0.000000e+00
  35	2.259000e+00	1.000000e+00
  36	2.317000e+00	3.000000e+00
  37	2.375000e+00	1.000000e+00
  38	2.433000e+00	1.000000e+00
  39	2.491000e+00	1.000000e+00
  40	2.549000e+00	2.000000e+00
  41	2.607000e+00	1.000000e+00
  42	2.665000e+00	1.000000e+00
  43	2.723000e+00	0.000000e+00
  44	2.781000e+00	0.000000e+00
  45	2.839000e+00	1.000000e+00
  46	2.897000e+00	2.000000e+00
  47	2.955000e+00	0.000000e+00
  48	3.013000e+00	0.000000e+00
  49	3.071000e+00	2.000000e+00
  50	3.129000e+00	1.000000e+00
  51	3.187000e+00	2.000000e+00
  52	3.245000e+00	0.000000e+00
  53	3.303000e+00	1.000000e+00
  54	3.361000e+00	1.000000e+00
  55	3.419000e+00	2.000000e+00
  56	3.477000e+00	2.000000e+00
  57	3.535000e+00	1.000000e+00
  58	3.593000e+00	0.000000e+00
  59	3.651000e+00	1.000000e+00
  60	3.709000e+00	1.000000e+00
  61	3.767000e+00	2.000000e+00
  62	3.825000e+00	2.000000e+00
  63	3.883000e+00	2.000000e+00
  64	3.941000e+00	0.000000e+00
  65	3.999000e+00	2.000000e+00
  66	4.057000e+00	1.000000e+00
  67	4.115000e+00	0.000000e+00
  68	4.173000e+00	3.000000e+00
  69	4.231000e+00	3.000000e+00
  70	4.289000e+00	2.000000e+00
  71	4.347000e+00	8.000000e+00
  72	4.405000e+00	4.000000e+00
  73	4.463000e+00	1.100000e+01
  74	4.521000e+00	1.100000e+01
  75	4.579000e+00	1.000000e+01
  76	4.637000e+00	1.100000e+01
  77	4.695000e+00	1.200000e+01
  78	4.753000e+00	2.900000e+01
  79	4.811000e+00	3.600000e+01
  80	4.869000e+00	5.000000e+01
  81	4.927000e+00	1.290000e+02
  82	4.985000e+00	6.710000e+02
  83	5.043000e+00	7.644000e+03
  84	5.101000e+00	1.563400e+04
  85	5.159000e+00	7.020000e+02
  86	5.217000e+00	1.000000e+00
  87	5.275000e+00	0.000000e+00
  88	5.333000e+00	0.000000e+00
  89	5.391000e+00	0.000000e+00
  90	5.449000e+00	0.000000e+00
  91	5.507000e+00	0.000000e+00
  92	5.565000e+00	0.000000e+00
  93	5.623000e+00	0.000000e+00
  94	5.681000e+00	0.000000e+00
  95	5.739000e+00	0.000000e+00
  96	5.797000e+00	0.000000e+00
  97	5.855000e+00	0.000000e+00
  98	5.913000e+00	0.000000e+00
  99	5.971000e+00	0.000000e+00
