
  1D histogram 0: Edep in absorber
 
 	     X 		     Y
  0	2.290000e-01	5.890000e+02
  1	2.870000e-01	6.160000e+02
  2	3.450000e-01	6.680000e+02
  3	4.030000e-01	7.100000e+02
  4	4.610000e-01	7.510000e+02
  5	5.190000e-01	6.920000e+02
  6	5.770000e-01	7.870000e+02
  7	6.350000e-01	8.000000e+02
  8	6.930000e-01	7.860000e+02
  9	7.510000e-01	8.200000e+02
  10	8.090000e-01	8.230000e+02
  11	8.670000e-01	8.550000e+02
  12	9.250000e-01	8.820000e+02
  13	9.830000e-01	8.890000e+02
  14	1.041000e+00	9.600000e+02
  15	1.099000e+00	1.019000e+03
  16	1.157000e+00	9.490000e+02
  17	1.215000e+00	1.013000e+03
  18	1.273000e+00	1.030000e+03
  19	1.331000e+00	1.199000e+03
  20	1.389000e+00	1.242000e+03
  21	1.447000e+00	1.267000e+03
  22	1.505000e+00	1.389000e+03
  23	1.563000e+00	1.373000e+03
  24	1.621000e+00	1.533000e+03
  25	1.679000e+00	1.573000e+03
  26	1.737000e+00	1.545000e+03
  27	1.795000e+00	1.646000e+03
  28	1.853000e+00	1.782000e+03
  29	1.911000e+00	1.924000e+03
  30	1.969000e+00	1.803000e+03
  31	2.027000e+00	1.984000e+03
  32	2.085000e+00	2.092000e+03
  33	2.143000e+00	2.251000e+03
  34	2.201000e+00	2.334000e+03
  35	2.259000e+00	2.497000e+03
  36	2.317000e+00	2.561000e+03
  37	2.375000e+00	2.664000e+03
  38	2.433000e+00	2.690000e+03
  39	2.491000e+00	2.910000e+03
  40	2.549000e+00	3.008000e+03
  41	2.607000e+00	3.235000e+03
  42	2.665000e+00	3.312000e+03
  43	2.723000e+00	3.579000e+03
  44	2.781000e+00	3.742000e+03
  45	2.839000e+00	4.030000e+03
  46	2.897000e+00	4.212000e+03
  47	2.955000e+00	4.459000e+03
  48	3.013000e+00	4.593000e+03
  49	3.071000e+00	4.810000e+03
  50	3.129000e+00	5.294000e+03
  51	3.187000e+00	5.688000e+03
  52	3.245000e+00	6.063000e+03
  53	3.303000e+00	6.324000e+03
  54	3.361000e+00	6.896000e+03
  55	3.419000e+00	7.229000e+03
  56	3.477000e+00	7.870000e+03
  57	3.535000e+00	8.517000e+03
  58	3.593000e+00	9.209000e+03
  59	3.651000e+00	1.004100e+04
  60	3.709000e+00	1.093900e+04
  61	3.767000e+00	1.194600e+04
  62	3.825000e+00	1.298600e+04
  63	3.883000e+00	1.430100e+04
  64	3.941000e+00	1.576300e+04
  65	3.999000e+00	1.784000e+04
  66	4.057000e+00	1.952500e+04
  67	4.115000e+00	2.134100e+04
  68	4.173000e+00	2.562800e+04
  69	4.231000e+00	2.878400e+04
  70	4.289000e+00	2.573300e+04
  71	4.347000e+00	1.044200e+04
  72	4.405000e+00	7.440000e+02
  73	4.463000e+00	1.800000e+01
  74	4.521000e+00	3.000000e+00
  75	4.579000e+00	4.000000e+00
  76	4.637000e+00	3.000000e+00
  77	4.695000e+00	6.000000e+00
  78	4.753000e+00	6.000000e+00
  79	4.811000e+00	6.000000e+00
  80	4.869000e+00	3.000000e+00
  81	4.927000e+00	6.000000e+00
  82	4.985000e+00	7.000000e+00
  83	5.043000e+00	4.100000e+01
  84	5.101000e+00	7.100000e+01
  85	5.159000e+00	3.000000e+00
  86	5.217000e+00	0.000000e+00
  87	5.275000e+00	0.000000e+00
  88	5.333000e+00	0.000000e+00
  89	5.391000e+00	0.000000e+00
  90	5.449000e+00	0.000000e+00
  91	5.507000e+00	0.000000e+00
  92	5.565000e+00	0.000000e+00
  93	5.623000e+00	0.000000e+00
  94	5.681000e+00	0.000000e+00
  95	5.739000e+00	0.000000e+00
  96	5.797000e+00	0.000000e+00
  97	5.855000e+00	0.000000e+00
  98	5.913000e+00	0.000000e+00
  99	5.971000e+00	0.000000e+00

