
  1D histogram 0: Edep in absorber
 
 	     X 		     Y
  0	2.290000e-01	5.890000e+02
  1	2.870000e-01	6.160000e+02
  2	3.450000e-01	6.680000e+02
  3	4.030000e-01	7.100000e+02
  4	4.610000e-01	7.510000e+02
  5	5.190000e-01	6.920000e+02
  6	5.770000e-01	7.870000e+02
  7	6.350000e-01	8.000000e+02
  8	6.930000e-01	7.860000e+02
  9	7.510000e-01	8.200000e+02
  10	8.090000e-01	8.230000e+02
  11	8.670000e-01	8.550000e+02
  12	9.250000e-01	8.820000e+02
  13	9.830000e-01	8.890000e+02
  14	1.041000e+00	9.600000e+02
  15	1.099000e+00	1.019000e+03
  16	1.157000e+00	9.490000e+02
  17	1.215000e+00	1.013000e+03
  18	1.273000e+00	1.030000e+03
  19	1.331000e+00	1.199000e+03
  20	1.389000e+00	1.242000e+03
  21	1.447000e+00	1.267000e+03
  22	1.505000e+00	1.389000e+03
  23	1.563000e+00	1.373000e+03
  24	1.621000e+00	1.533000e+03
  25	1.679000e+00	1.573000e+03
  26	1.737000e+00	1.545000e+03
  27	1.795000e+00	1.646000e+03
  28	1.853000e+00	1.782000e+03
  29	1.911000e+00	1.924000e+03
  30	1.969000e+00	1.803000e+03
  31	2.027000e+00	1.984000e+03
  32	2.085000e+00	2.092000e+03
  33	2.143000e+00	2.251000e+03
  34	2.201000e+00	2.334000e+03
  35	2.259000e+00	2.497000e+03
  36	2.317000e+00	2.561000e+03
  37	2.375000e+00	2.664000e+03
  38	2.433000e+00	2.690000e+03
  39	2.491000e+00	2.910000e+03
  40	2.549000e+00	3.008000e+03
  41	2.607000e+00	3.235000e+03
  42	2.665000e+00	3.312000e+03
  43	2.723000e+00	3.579000e+03
  44	2.781000e+00	3.742000e+03
  45	2.839000e+00	4.030000e+03
  46	2.897000e+00	4.212000e+03
  47	2.955000e+00	4.459000e+03
  48	3.013000e+00	4.593000e+03
  49	3.071000e+00	4.810000e+03
  50	3.129000e+00	5.294000e+03
  51	3.187000e+00	5.688000e+03
  52	3.245000e+00	6.063000e+03
  53	3.303000e+00	6.324000e+03
  54	3.361000e+00	6.896000e+03
  55	3.419000e+00	7.229000e+03
  56	3.477000e+00	7.870000e+03
  57	3.535000e+00	8.517000e+03
  58	3.593000e+00	9.209000e+03
  59	3.651000e+00	1.004100e+04
  60	3.709000e+00	1.093900e+04
  61	3.767000e+00	1.194600e+04
  62	3.825000e+00	1.298600e+04
  63	3.883000e+00	1.430100e+04
  64	3.941000e+00	1.576300e+04
  65	3.999000e+00	1.784000e+04
  66	4.057000e+00	1.952500e+04
  67	4.115000e+00	2.134100e+04
  68	4.173000e+00	2.562800e+04
  69	4.231000e+00	2.878400e+04
  70	4.289000e+00	2.573300e+04
  71	4.347000e+00	1.044200e+04
  72	4.405000e+00	7.440000e+02
  73	4.463000e+00	1.800000e+01
  74	4.521000e+00	3.000000e+00
  75	4.579000e+00	4.000000e+00
  76	4.637000e+00	3.000000e+00
  77	4.695000e+00	6.000000e+00
  78	4.753000e+00	6.000000e+00
  79	4.811000e+00	6.000000e+00
  80	4.869000e+00	3.000000e+00
  81	4.927000e+00	6.000000e+00
  82	4.985000e+00	7.000000e+00
  83	5.043000e+00	4.100000e+01
  84	5.101000e+00	7.100000e+01
  85	5.159000e+00	3.000000e+00
  86	5.217000e+00	0.000000e+00
  87	5.275000e+00	0.000000e+00
  88	5.333000e+00	0.000000e+00
  89	5.391000e+00	0.000000e+00
  90	5.449000e+00	0.000000e+00
  91	5.507000e+00	0.000000e+00
  92	5.565000e+00	0.000000e+00
  93	5.623000e+00	0.000000e+00
  94	5.681000e+00	0.000000e+00
  95	5.739000e+00	0.000000e+00
  96	5.797000e+00	0.000000e+00
  97	5.855000e+00	0.000000e+00
  98	5.913000e+00	0.000000e+00
  99	5.971000e+00	0.000000e+00

  1D histogram 1: trackL in absorber
 
 	     X 		     Y
  0	2.290000e+00	1.085000e+03
  1	2.870000e+00	1.415000e+03
  2	3.450000e+00	1.687000e+03
  3	4.030000e+00	1.904000e+03
  4	4.610000e+00	1.944000e+03
  5	5.190000e+00	2.039000e+03
  6	5.770000e+00	2.187000e+03
  7	6.350000e+00	2.121000e+03
  8	6.930000e+00	2.277000e+03
  9	7.510000e+00	2.548000e+03
  10	8.090000e+00	2.659000e+03
  11	8.670000e+00	2.842000e+03
  12	9.250000e+00	2.762000e+03
  13	9.830000e+00	3.104000e+03
  14	1.041000e+01	3.070000e+03
  15	1.099000e+01	3.159000e+03
  16	1.157000e+01	3.365000e+03
  17	1.215000e+01	3.523000e+03
  18	1.273000e+01	3.670000e+03
  19	1.331000e+01	3.740000e+03
  20	1.389000e+01	3.787000e+03
  21	1.447000e+01	3.935000e+03
  22	1.505000e+01	4.162000e+03
  23	1.563000e+01	4.275000e+03
  24	1.621000e+01	4.536000e+03
  25	1.679000e+01	4.819000e+03
  26	1.737000e+01	4.982000e+03
  27	1.795000e+01	5.128000e+03
  28	1.853000e+01	5.344000e+03
  29	1.911000e+01	5.603000e+03
  30	1.969000e+01	5.998000e+03
  31	2.027000e+01	6.332000e+03
  32	2.085000e+01	6.650000e+03
  33	2.143000e+01	7.020000e+03
  34	2.201000e+01	7.305000e+03
  35	2.259000e+01	7.774000e+03
  36	2.317000e+01	8.415000e+03
  37	2.375000e+01	8.912000e+03
  38	2.433000e+01	9.488000e+03
  39	2.491000e+01	1.011300e+04
  40	2.549000e+01	1.087800e+04
  41	2.607000e+01	1.171000e+04
  42	2.665000e+01	1.251000e+04
  43	2.723000e+01	1.356000e+04
  44	2.781000e+01	1.466800e+04
  45	2.839000e+01	1.606500e+04
  46	2.897000e+01	1.723900e+04
  47	2.955000e+01	1.855700e+04
  48	3.013000e+01	2.134800e+04
  49	3.071000e+01	2.365400e+04
  50	3.129000e+01	2.332700e+04
  51	3.187000e+01	1.708600e+04
  52	3.245000e+01	6.630000e+03
  53	3.303000e+01	1.034000e+03
  54	3.361000e+01	7.400000e+01
  55	3.419000e+01	1.000000e+00
  56	3.477000e+01	5.000000e+00
  57	3.535000e+01	2.000000e+00
  58	3.593000e+01	1.000000e+00
  59	3.651000e+01	4.000000e+00
  60	3.709000e+01	4.000000e+00
  61	3.767000e+01	6.000000e+00
  62	3.825000e+01	5.000000e+00
  63	3.883000e+01	2.000000e+00
  64	3.941000e+01	2.000000e+00
  65	3.999000e+01	6.000000e+00
  66	4.057000e+01	6.000000e+00
  67	4.115000e+01	2.000000e+01
  68	4.173000e+01	4.100000e+01
  69	4.231000e+01	4.700000e+01
  70	4.289000e+01	7.000000e+00
  71	4.347000e+01	0.000000e+00
  72	4.405000e+01	0.000000e+00
  73	4.463000e+01	0.000000e+00
  74	4.521000e+01	0.000000e+00
  75	4.579000e+01	0.000000e+00
  76	4.637000e+01	0.000000e+00
  77	4.695000e+01	0.000000e+00
  78	4.753000e+01	0.000000e+00
  79	4.811000e+01	0.000000e+00
  80	4.869000e+01	0.000000e+00
  81	4.927000e+01	0.000000e+00
  82	4.985000e+01	0.000000e+00
  83	5.043000e+01	0.000000e+00
  84	5.101000e+01	0.000000e+00
  85	5.159000e+01	0.000000e+00
  86	5.217000e+01	0.000000e+00
  87	5.275000e+01	0.000000e+00
  88	5.333000e+01	0.000000e+00
  89	5.391000e+01	0.000000e+00
  90	5.449000e+01	0.000000e+00
  91	5.507000e+01	0.000000e+00
  92	5.565000e+01	0.000000e+00
  93	5.623000e+01	0.000000e+00
  94	5.681000e+01	0.000000e+00
  95	5.739000e+01	0.000000e+00
  96	5.797000e+01	0.000000e+00
  97	5.855000e+01	0.000000e+00
  98	5.913000e+01	0.000000e+00
  99	5.971000e+01	0.000000e+00

  1D histogram 3: Scintillation Spectrum
 
 	     X 		     Y
  0	3.106200e-06	9.258028e+06
  1	3.118600e-06	4.642914e+06
  2	3.131000e-06	1.507779e+06
  3	3.143400e-06	4.584455e+06
  4	3.155800e-06	8.439124e+06
  5	3.168200e-06	2.096032e+07
  6	3.180600e-06	1.444606e+07
  7	3.193000e-06	6.040965e+06
  8	3.205400e-06	2.841964e+06
  9	3.217800e-06	7.451620e+05
  10	3.230200e-06	1.162113e+06
  11	3.242600e-06	4.473604e+06
  12	3.255000e-06	3.759729e+07
  13	3.267400e-06	4.612176e+07
  14	3.279800e-06	1.473129e+07
  15	3.292200e-06	1.233145e+07
  16	3.304600e-06	2.596404e+07
  17	3.317000e-06	1.431409e+07
  18	3.329400e-06	3.677202e+06
  19	3.341800e-06	5.492773e+06
  20	3.354200e-06	4.995098e+06
  21	3.366600e-06	2.886328e+06
  22	3.379000e-06	1.299087e+06
  23	3.391400e-06	1.753989e+06
  24	3.403800e-06	2.363019e+06
  25	3.416200e-06	4.693204e+06
  26	3.428600e-06	6.321005e+06
  27	3.441000e-06	1.037760e+07
  28	3.453400e-06	4.410420e+07
  29	3.465800e-06	1.274292e+08
  30	3.478200e-06	9.636872e+07
  31	3.490600e-06	3.733839e+07
  32	3.503000e-06	3.431204e+07
  33	3.515400e-06	2.695212e+07
  34	3.527800e-06	1.047962e+07
  35	3.540200e-06	5.419651e+06
  36	3.552600e-06	4.548496e+06
  37	3.565000e-06	4.366094e+06
  38	3.577400e-06	3.009772e+06
  39	3.589800e-06	1.179138e+06
  40	3.602200e-06	2.363320e+06
  41	3.614600e-06	4.821112e+06
  42	3.627000e-06	5.758649e+06
  43	3.639400e-06	1.037190e+07
  44	3.651800e-06	1.922274e+07
  45	3.664200e-06	8.343847e+07
  46	3.676600e-06	1.971923e+08
  47	3.689000e-06	1.740416e+08
  48	3.701400e-06	6.191849e+07
  49	3.713800e-06	2.309896e+07
  50	3.726200e-06	1.036769e+07
  51	3.738600e-06	5.712624e+06
  52	3.751000e-06	4.744665e+06
  53	3.763400e-06	5.315094e+06
  54	3.775800e-06	5.252305e+06
  55	3.788200e-06	6.955920e+06
  56	3.800600e-06	3.405447e+06
  57	3.813000e-06	1.296926e+06
  58	3.825400e-06	1.659382e+06
  59	3.837800e-06	2.567502e+06
  60	3.850200e-06	2.074875e+06
  61	3.862600e-06	7.090400e+05
  62	3.875000e-06	1.933793e+06
  63	3.887400e-06	2.573253e+06
  64	3.899800e-06	6.868697e+06
  65	3.912200e-06	3.158388e+07
  66	3.924600e-06	8.086064e+07
  67	3.937000e-06	7.797229e+07
  68	3.949400e-06	4.558437e+07
  69	3.961800e-06	3.218276e+07
  70	3.974200e-06	1.834038e+07
  71	3.986600e-06	1.105924e+07
  72	3.999000e-06	9.136755e+06
  73	4.011400e-06	5.435164e+06
  74	4.023800e-06	4.584387e+06
  75	4.036200e-06	2.970933e+06
  76	4.048600e-06	1.496386e+06
  77	4.061000e-06	3.431760e+05
  78	4.073400e-06	2.708699e+06
  79	4.085800e-06	2.022738e+06
  80	4.098200e-06	1.672838e+06
  81	4.110600e-06	1.553823e+06
  82	4.123000e-06	1.307326e+06
  83	4.135400e-06	2.688408e+06
  84	4.147800e-06	6.670741e+06
  85	4.160200e-06	1.051236e+07
  86	4.172600e-06	1.553394e+07
  87	4.185000e-06	1.539964e+07
  88	4.197400e-06	1.242179e+07
  89	4.209800e-06	6.404100e+06
  90	4.222200e-06	5.644300e+05
  91	4.234600e-06	7.206000e+03
  92	4.247000e-06	0.000000e+00
  93	4.259400e-06	0.000000e+00
  94	4.271800e-06	0.000000e+00
  95	4.284200e-06	0.000000e+00
  96	4.296600e-06	0.000000e+00
  97	4.309000e-06	7.438000e+03
  98	4.321400e-06	4.947700e+04
  99	4.333800e-06	1.471900e+05
  100	4.346200e-06	2.256120e+05
  101	4.358600e-06	2.096380e+05
  102	4.371000e-06	1.171440e+05
  103	4.383400e-06	4.720100e+04
  104	4.395800e-06	2.923000e+04
  105	4.408200e-06	4.292800e+04
  106	4.420600e-06	4.598200e+04
  107	4.433000e-06	3.094200e+04
  108	4.445400e-06	2.617100e+04
  109	4.457800e-06	2.192400e+04
  110	4.470200e-06	1.369100e+04
  111	4.482600e-06	8.520000e+02
  112	4.495000e-06	0.000000e+00
  113	4.507400e-06	0.000000e+00
  114	4.519800e-06	6.762000e+03
  115	4.532200e-06	6.528900e+04
  116	4.544600e-06	2.313820e+05
  117	4.557000e-06	4.334310e+05
  118	4.569400e-06	5.365360e+05
  119	4.581800e-06	4.235620e+05
  120	4.594200e-06	2.508450e+05
  121	4.606600e-06	1.339020e+05
  122	4.619000e-06	7.456100e+04
  123	4.631400e-06	7.289100e+04
  124	4.643800e-06	7.120300e+04
  125	4.656200e-06	5.792700e+04
  126	4.668600e-06	3.666500e+04
  127	4.681000e-06	1.382400e+04
  128	4.693400e-06	0.000000e+00
  129	4.705800e-06	0.000000e+00
  130	4.718200e-06	1.604000e+03
  131	4.730600e-06	1.545100e+04
  132	4.743000e-06	5.529100e+04
  133	4.755400e-06	2.028250e+05
  134	4.767800e-06	5.488200e+05
  135	4.780200e-06	9.589680e+05
  136	4.792600e-06	1.142140e+06
  137	4.805000e-06	9.053350e+05
  138	4.817400e-06	5.253780e+05
  139	4.829800e-06	2.756450e+05
  140	4.842200e-06	1.768270e+05
  141	4.854600e-06	1.296680e+05
  142	4.867000e-06	9.115500e+04
  143	4.879400e-06	5.604500e+04
  144	4.891800e-06	2.965700e+04
  145	4.904200e-06	1.576500e+04
  146	4.916600e-06	5.762000e+03
  147	4.929000e-06	0.000000e+00
  148	4.941400e-06	4.853000e+03
  149	4.953800e-06	2.217100e+04
  150	4.966200e-06	9.555800e+04
  151	4.978600e-06	3.116630e+05
  152	4.991000e-06	8.338260e+05
  153	5.003400e-06	1.540888e+06
  154	5.015800e-06	1.785311e+06
  155	5.028200e-06	1.587701e+06
  156	5.040600e-06	1.078136e+06
  157	5.053000e-06	6.358190e+05
  158	5.065400e-06	3.328090e+05
  159	5.077800e-06	1.950470e+05
  160	5.090200e-06	9.986100e+04
  161	5.102600e-06	6.601100e+04
  162	5.115000e-06	4.015500e+04
  163	5.127400e-06	2.190200e+04
  164	5.139800e-06	1.094500e+04
  165	5.152200e-06	1.776000e+04
  166	5.164600e-06	2.387800e+04
  167	5.177000e-06	2.527600e+04
  168	5.189400e-06	9.598500e+04
  169	5.201800e-06	3.880700e+05
  170	5.214200e-06	9.205540e+05
  171	5.226600e-06	1.566572e+06
  172	5.239000e-06	2.165675e+06
  173	5.251400e-06	2.232328e+06
  174	5.263800e-06	1.740205e+06
  175	5.276200e-06	1.185611e+06
  176	5.288600e-06	6.728910e+05
  177	5.301000e-06	3.748420e+05
  178	5.313400e-06	1.883910e+05
  179	5.325800e-06	9.948200e+04
  180	5.338200e-06	6.002200e+04
  181	5.350600e-06	3.270000e+04
  182	5.363000e-06	2.412800e+04
  183	5.375400e-06	1.196600e+04
  184	5.387800e-06	1.236100e+04
  185	5.400200e-06	2.335500e+04
  186	5.412600e-06	4.969400e+04
  187	5.425000e-06	1.469460e+05
  188	5.437400e-06	4.547890e+05
  189	5.449800e-06	8.475670e+05
  190	5.462200e-06	1.228688e+06
  191	5.474600e-06	1.641200e+06
  192	5.487000e-06	1.541695e+06
  193	5.499400e-06	1.309383e+06
  194	5.511800e-06	9.858750e+05
  195	5.524200e-06	5.470750e+05
  196	5.536600e-06	3.636750e+05
  197	5.549000e-06	2.401700e+05
  198	5.561400e-06	1.442900e+05
  199	5.573800e-06	7.851900e+04
  200	5.586200e-06	4.867000e+04
  201	5.598600e-06	2.417000e+04
  202	5.611000e-06	0.000000e+00
  203	5.623400e-06	9.023000e+03
  204	5.635800e-06	1.367700e+04
  205	5.648200e-06	1.137200e+04
  206	5.660600e-06	1.963000e+03
  207	5.673000e-06	0.000000e+00
  208	5.685400e-06	0.000000e+00
  209	5.697800e-06	0.000000e+00
  210	5.710200e-06	7.628000e+03
  211	5.722600e-06	1.487500e+04
  212	5.735000e-06	8.948200e+04
  213	5.747400e-06	1.623640e+05
  214	5.759800e-06	2.261010e+05
  215	5.772200e-06	2.515100e+05
  216	5.784600e-06	1.976160e+05
  217	5.797000e-06	1.643270e+05
  218	5.809400e-06	9.858900e+04
  219	5.821800e-06	5.622300e+04
  220	5.834200e-06	2.383800e+04
  221	5.846600e-06	1.509000e+04
  222	5.859000e-06	1.840200e+04
  223	5.871400e-06	2.418500e+04
  224	5.883800e-06	1.393200e+04
  225	5.896200e-06	8.154000e+03
  226	5.908600e-06	0.000000e+00
  227	5.921000e-06	0.000000e+00
  228	5.933400e-06	3.650000e+03
  229	5.945800e-06	1.361200e+04
  230	5.958200e-06	3.518700e+04
  231	5.970600e-06	5.237800e+04
  232	5.983000e-06	3.632600e+04
  233	5.995400e-06	2.406500e+04
  234	6.007800e-06	0.000000e+00
  235	6.020200e-06	0.000000e+00
  236	6.032600e-06	0.000000e+00
  237	6.045000e-06	0.000000e+00
  238	6.057400e-06	6.074000e+03
  239	6.069800e-06	1.014100e+04
  240	6.082200e-06	2.465000e+04
  241	6.094600e-06	1.959200e+04
  242	6.107000e-06	1.403400e+04
  243	6.119400e-06	1.070400e+04
  244	6.131800e-06	1.102600e+04
  245	6.144200e-06	1.098000e+04
  246	6.156600e-06	1.067800e+04
  247	6.169000e-06	0.000000e+00
  248	6.181400e-06	0.000000e+00
  249	6.193800e-06	0.000000e+00
