
  1D histogram 1: trackL in absorber
 
 	     X 		     Y
  0	2.290000e+00	5.800000e+01
  1	2.870000e+00	7.900000e+01
  2	3.450000e+00	9.000000e+01
  3	4.030000e+00	8.200000e+01
  4	4.610000e+00	1.090000e+02
  5	5.190000e+00	9.900000e+01
  6	5.770000e+00	1.080000e+02
  7	6.350000e+00	1.040000e+02
  8	6.930000e+00	1.130000e+02
  9	7.510000e+00	1.260000e+02
  10	8.090000e+00	1.410000e+02
  11	8.670000e+00	1.160000e+02
  12	9.250000e+00	1.640000e+02
  13	9.830000e+00	1.490000e+02
  14	1.041000e+01	1.720000e+02
  15	1.099000e+01	1.660000e+02
  16	1.157000e+01	1.780000e+02
  17	1.215000e+01	1.600000e+02
  18	1.273000e+01	1.830000e+02
  19	1.331000e+01	1.600000e+02
  20	1.389000e+01	1.940000e+02
  21	1.447000e+01	2.010000e+02
  22	1.505000e+01	2.070000e+02
  23	1.563000e+01	2.030000e+02
  24	1.621000e+01	2.440000e+02
  25	1.679000e+01	2.230000e+02
  26	1.737000e+01	2.500000e+02
  27	1.795000e+01	2.510000e+02
  28	1.853000e+01	2.710000e+02
  29	1.911000e+01	2.560000e+02
  30	1.969000e+01	2.890000e+02
  31	2.027000e+01	2.890000e+02
  32	2.085000e+01	3.400000e+02
  33	2.143000e+01	3.730000e+02
  34	2.201000e+01	3.820000e+02
  35	2.259000e+01	4.010000e+02
  36	2.317000e+01	4.060000e+02
  37	2.375000e+01	4.470000e+02
  38	2.433000e+01	4.440000e+02
  39	2.491000e+01	4.780000e+02
  40	2.549000e+01	5.620000e+02
  41	2.607000e+01	5.740000e+02
  42	2.665000e+01	6.180000e+02
  43	2.723000e+01	6.800000e+02
  44	2.781000e+01	7.370000e+02
  45	2.839000e+01	8.570000e+02
  46	2.897000e+01	9.050000e+02
  47	2.955000e+01	9.110000e+02
  48	3.013000e+01	1.050000e+03
  49	3.071000e+01	1.149000e+03
  50	3.129000e+01	1.134000e+03
  51	3.187000e+01	8.000000e+02
  52	3.245000e+01	3.430000e+02
  53	3.303000e+01	4.800000e+01
  54	3.361000e+01	4.000000e+00
  55	3.419000e+01	1.000000e+00
  56	3.477000e+01	0.000000e+00
  57	3.535000e+01	0.000000e+00
  58	3.593000e+01	0.000000e+00
  59	3.651000e+01	0.000000e+00
  60	3.709000e+01	1.000000e+00
  61	3.767000e+01	1.000000e+00
  62	3.825000e+01	0.000000e+00
  63	3.883000e+01	0.000000e+00
  64	3.941000e+01	0.000000e+00
  65	3.999000e+01	0.000000e+00
  66	4.057000e+01	0.000000e+00
  67	4.115000e+01	1.000000e+00
  68	4.173000e+01	2.000000e+00
  69	4.231000e+01	2.000000e+00
  70	4.289000e+01	0.000000e+00
  71	4.347000e+01	0.000000e+00
  72	4.405000e+01	0.000000e+00
  73	4.463000e+01	0.000000e+00
  74	4.521000e+01	0.000000e+00
  75	4.579000e+01	0.000000e+00
  76	4.637000e+01	0.000000e+00
  77	4.695000e+01	0.000000e+00
  78	4.753000e+01	0.000000e+00
  79	4.811000e+01	0.000000e+00
  80	4.869000e+01	0.000000e+00
  81	4.927000e+01	0.000000e+00
  82	4.985000e+01	0.000000e+00
  83	5.043000e+01	0.000000e+00
  84	5.101000e+01	0.000000e+00
  85	5.159000e+01	0.000000e+00
  86	5.217000e+01	0.000000e+00
  87	5.275000e+01	0.000000e+00
  88	5.333000e+01	0.000000e+00
  89	5.391000e+01	0.000000e+00
  90	5.449000e+01	0.000000e+00
  91	5.507000e+01	0.000000e+00
  92	5.565000e+01	0.000000e+00
  93	5.623000e+01	0.000000e+00
  94	5.681000e+01	0.000000e+00
  95	5.739000e+01	0.000000e+00
  96	5.797000e+01	0.000000e+00
  97	5.855000e+01	0.000000e+00
  98	5.913000e+01	0.000000e+00
  99	5.971000e+01	0.000000e+00
