
  1D histogram 1: trackL in absorber
 
 	     X 		     Y
  0	1.025000e+01	6.000000e+00
  1	1.075000e+01	1.100000e+01
  2	1.125000e+01	3.000000e+00
  3	1.175000e+01	0.000000e+00
  4	1.225000e+01	7.000000e+00
  5	1.275000e+01	4.000000e+00
  6	1.325000e+01	5.000000e+00
  7	1.375000e+01	0.000000e+00
  8	1.425000e+01	6.000000e+00
  9	1.475000e+01	1.000000e+00
  10	1.525000e+01	3.000000e+00
  11	1.575000e+01	0.000000e+00
  12	1.625000e+01	4.000000e+00
  13	1.675000e+01	3.000000e+00
  14	1.725000e+01	3.000000e+00
  15	1.775000e+01	2.000000e+00
  16	1.825000e+01	0.000000e+00
  17	1.875000e+01	3.000000e+00
  18	1.925000e+01	3.000000e+00
  19	1.975000e+01	3.000000e+00
  20	2.025000e+01	1.000000e+00
  21	2.075000e+01	1.000000e+00
  22	2.125000e+01	1.000000e+00
  23	2.175000e+01	3.000000e+00
  24	2.225000e+01	3.000000e+00
  25	2.275000e+01	2.000000e+00
  26	2.325000e+01	2.000000e+00
  27	2.375000e+01	1.000000e+00
  28	2.425000e+01	4.000000e+00
  29	2.475000e+01	0.000000e+00
  30	2.525000e+01	4.000000e+00
  31	2.575000e+01	1.000000e+00
  32	2.625000e+01	1.000000e+00
  33	2.675000e+01	2.000000e+00
  34	2.725000e+01	3.000000e+00
  35	2.775000e+01	2.000000e+00
  36	2.825000e+01	3.000000e+00
  37	2.875000e+01	0.000000e+00
  38	2.925000e+01	0.000000e+00
  39	2.975000e+01	0.000000e+00
  40	3.025000e+01	5.000000e+00
  41	3.075000e+01	3.000000e+00
  42	3.125000e+01	4.000000e+00
  43	3.175000e+01	1.000000e+00
  44	3.225000e+01	1.000000e+00
  45	3.275000e+01	3.000000e+00
  46	3.325000e+01	8.000000e+00
  47	3.375000e+01	6.000000e+00
  48	3.425000e+01	8.000000e+00
  49	3.475000e+01	6.000000e+00
  50	3.525000e+01	1.000000e+01
  51	3.575000e+01	6.000000e+00
  52	3.625000e+01	1.000000e+01
  53	3.675000e+01	8.000000e+00
  54	3.725000e+01	1.900000e+01
  55	3.775000e+01	1.600000e+01
  56	3.825000e+01	1.800000e+01
  57	3.875000e+01	3.900000e+01
  58	3.925000e+01	4.700000e+01
  59	3.975000e+01	8.100000e+01
  60	4.025000e+01	2.250000e+02
  61	4.075000e+01	9.420000e+02
  62	4.125000e+01	3.708000e+03
  63	4.175000e+01	8.732000e+03
  64	4.225000e+01	8.033000e+03
  65	4.275000e+01	2.728000e+03
  66	4.325000e+01	2.970000e+02
  67	4.375000e+01	1.500000e+01
  68	4.425000e+01	0.000000e+00
  69	4.475000e+01	0.000000e+00
  70	4.525000e+01	0.000000e+00
  71	4.575000e+01	0.000000e+00
  72	4.625000e+01	0.000000e+00
  73	4.675000e+01	0.000000e+00
  74	4.725000e+01	0.000000e+00
  75	4.775000e+01	0.000000e+00
  76	4.825000e+01	0.000000e+00
  77	4.875000e+01	0.000000e+00
  78	4.925000e+01	0.000000e+00
  79	4.975000e+01	0.000000e+00
  80	5.025000e+01	0.000000e+00
  81	5.075000e+01	0.000000e+00
  82	5.125000e+01	0.000000e+00
  83	5.175000e+01	0.000000e+00
  84	5.225000e+01	0.000000e+00
  85	5.275000e+01	0.000000e+00
  86	5.325000e+01	0.000000e+00
  87	5.375000e+01	0.000000e+00
  88	5.425000e+01	0.000000e+00
  89	5.475000e+01	0.000000e+00
  90	5.525000e+01	0.000000e+00
  91	5.575000e+01	0.000000e+00
  92	5.625000e+01	0.000000e+00
  93	5.675000e+01	0.000000e+00
  94	5.725000e+01	0.000000e+00
  95	5.775000e+01	0.000000e+00
  96	5.825000e+01	0.000000e+00
  97	5.875000e+01	0.000000e+00
  98	5.925000e+01	0.000000e+00
  99	5.975000e+01	0.000000e+00
