
  1D histogram 1: trackL in absorber
 
 	     X 		     Y
  0	2.290000e+00	1.085000e+03
  1	2.870000e+00	1.415000e+03
  2	3.450000e+00	1.687000e+03
  3	4.030000e+00	1.904000e+03
  4	4.610000e+00	1.944000e+03
  5	5.190000e+00	2.039000e+03
  6	5.770000e+00	2.187000e+03
  7	6.350000e+00	2.121000e+03
  8	6.930000e+00	2.277000e+03
  9	7.510000e+00	2.548000e+03
  10	8.090000e+00	2.659000e+03
  11	8.670000e+00	2.842000e+03
  12	9.250000e+00	2.762000e+03
  13	9.830000e+00	3.104000e+03
  14	1.041000e+01	3.070000e+03
  15	1.099000e+01	3.159000e+03
  16	1.157000e+01	3.365000e+03
  17	1.215000e+01	3.523000e+03
  18	1.273000e+01	3.670000e+03
  19	1.331000e+01	3.740000e+03
  20	1.389000e+01	3.787000e+03
  21	1.447000e+01	3.935000e+03
  22	1.505000e+01	4.162000e+03
  23	1.563000e+01	4.275000e+03
  24	1.621000e+01	4.536000e+03
  25	1.679000e+01	4.819000e+03
  26	1.737000e+01	4.982000e+03
  27	1.795000e+01	5.128000e+03
  28	1.853000e+01	5.344000e+03
  29	1.911000e+01	5.603000e+03
  30	1.969000e+01	5.998000e+03
  31	2.027000e+01	6.332000e+03
  32	2.085000e+01	6.650000e+03
  33	2.143000e+01	7.020000e+03
  34	2.201000e+01	7.305000e+03
  35	2.259000e+01	7.774000e+03
  36	2.317000e+01	8.415000e+03
  37	2.375000e+01	8.912000e+03
  38	2.433000e+01	9.488000e+03
  39	2.491000e+01	1.011300e+04
  40	2.549000e+01	1.087800e+04
  41	2.607000e+01	1.171000e+04
  42	2.665000e+01	1.251000e+04
  43	2.723000e+01	1.356000e+04
  44	2.781000e+01	1.466800e+04
  45	2.839000e+01	1.606500e+04
  46	2.897000e+01	1.723900e+04
  47	2.955000e+01	1.855700e+04
  48	3.013000e+01	2.134800e+04
  49	3.071000e+01	2.365400e+04
  50	3.129000e+01	2.332700e+04
  51	3.187000e+01	1.708600e+04
  52	3.245000e+01	6.630000e+03
  53	3.303000e+01	1.034000e+03
  54	3.361000e+01	7.400000e+01
  55	3.419000e+01	1.000000e+00
  56	3.477000e+01	5.000000e+00
  57	3.535000e+01	2.000000e+00
  58	3.593000e+01	1.000000e+00
  59	3.651000e+01	4.000000e+00
  60	3.709000e+01	4.000000e+00
  61	3.767000e+01	6.000000e+00
  62	3.825000e+01	5.000000e+00
  63	3.883000e+01	2.000000e+00
  64	3.941000e+01	2.000000e+00
  65	3.999000e+01	6.000000e+00
  66	4.057000e+01	6.000000e+00
  67	4.115000e+01	2.000000e+01
  68	4.173000e+01	4.100000e+01
  69	4.231000e+01	4.700000e+01
  70	4.289000e+01	7.000000e+00
  71	4.347000e+01	0.000000e+00
  72	4.405000e+01	0.000000e+00
  73	4.463000e+01	0.000000e+00
  74	4.521000e+01	0.000000e+00
  75	4.579000e+01	0.000000e+00
  76	4.637000e+01	0.000000e+00
  77	4.695000e+01	0.000000e+00
  78	4.753000e+01	0.000000e+00
  79	4.811000e+01	0.000000e+00
  80	4.869000e+01	0.000000e+00
  81	4.927000e+01	0.000000e+00
  82	4.985000e+01	0.000000e+00
  83	5.043000e+01	0.000000e+00
  84	5.101000e+01	0.000000e+00
  85	5.159000e+01	0.000000e+00
  86	5.217000e+01	0.000000e+00
  87	5.275000e+01	0.000000e+00
  88	5.333000e+01	0.000000e+00
  89	5.391000e+01	0.000000e+00
  90	5.449000e+01	0.000000e+00
  91	5.507000e+01	0.000000e+00
  92	5.565000e+01	0.000000e+00
  93	5.623000e+01	0.000000e+00
  94	5.681000e+01	0.000000e+00
  95	5.739000e+01	0.000000e+00
  96	5.797000e+01	0.000000e+00
  97	5.855000e+01	0.000000e+00
  98	5.913000e+01	0.000000e+00
  99	5.971000e+01	0.000000e+00

