
  1D histogram 0: Edep in absorber
 
 	     X 		     Y
  0	3.000000e-02	0.000000e+00
  1	9.000000e-02	0.000000e+00
  2	1.500000e-01	0.000000e+00
  3	2.100000e-01	0.000000e+00
  4	2.700000e-01	0.000000e+00
  5	3.300000e-01	0.000000e+00
  6	3.900000e-01	0.000000e+00
  7	4.500000e-01	0.000000e+00
  8	5.100000e-01	0.000000e+00
  9	5.700000e-01	0.000000e+00
  10	6.300000e-01	0.000000e+00
  11	6.900000e-01	0.000000e+00
  12	7.500000e-01	0.000000e+00
  13	8.100000e-01	0.000000e+00
  14	8.700000e-01	0.000000e+00
  15	9.300000e-01	0.000000e+00
  16	9.900000e-01	0.000000e+00
  17	1.050000e+00	0.000000e+00
  18	1.110000e+00	0.000000e+00
  19	1.170000e+00	0.000000e+00
  20	1.230000e+00	0.000000e+00
  21	1.290000e+00	0.000000e+00
  22	1.350000e+00	0.000000e+00
  23	1.410000e+00	0.000000e+00
  24	1.470000e+00	0.000000e+00
  25	1.530000e+00	0.000000e+00
  26	1.590000e+00	0.000000e+00
  27	1.650000e+00	0.000000e+00
  28	1.710000e+00	0.000000e+00
  29	1.770000e+00	0.000000e+00
  30	1.830000e+00	0.000000e+00
  31	1.890000e+00	0.000000e+00
  32	1.950000e+00	0.000000e+00
  33	2.010000e+00	0.000000e+00
  34	2.070000e+00	0.000000e+00
  35	2.130000e+00	0.000000e+00
  36	2.190000e+00	0.000000e+00
  37	2.250000e+00	0.000000e+00
  38	2.310000e+00	0.000000e+00
  39	2.370000e+00	0.000000e+00
  40	2.430000e+00	0.000000e+00
  41	2.490000e+00	0.000000e+00
  42	2.550000e+00	0.000000e+00
  43	2.610000e+00	0.000000e+00
  44	2.670000e+00	0.000000e+00
  45	2.730000e+00	0.000000e+00
  46	2.790000e+00	0.000000e+00
  47	2.850000e+00	0.000000e+00
  48	2.910000e+00	0.000000e+00
  49	2.970000e+00	0.000000e+00
  50	3.030000e+00	0.000000e+00
  51	3.090000e+00	0.000000e+00
  52	3.150000e+00	0.000000e+00
  53	3.210000e+00	0.000000e+00
  54	3.270000e+00	0.000000e+00
  55	3.330000e+00	0.000000e+00
  56	3.390000e+00	0.000000e+00
  57	3.450000e+00	0.000000e+00
  58	3.510000e+00	0.000000e+00
  59	3.570000e+00	0.000000e+00
  60	3.630000e+00	0.000000e+00
  61	3.690000e+00	0.000000e+00
  62	3.750000e+00	0.000000e+00
  63	3.810000e+00	0.000000e+00
  64	3.870000e+00	0.000000e+00
  65	3.930000e+00	0.000000e+00
  66	3.990000e+00	0.000000e+00
  67	4.050000e+00	0.000000e+00
  68	4.110000e+00	0.000000e+00
  69	4.170000e+00	0.000000e+00
  70	4.230000e+00	0.000000e+00
  71	4.290000e+00	0.000000e+00
  72	4.350000e+00	0.000000e+00
  73	4.410000e+00	0.000000e+00
  74	4.470000e+00	7.000000e+00
  75	4.530000e+00	5.600000e+01
  76	4.590000e+00	4.000000e+02
  77	4.650000e+00	1.101000e+03
  78	4.710000e+00	2.186000e+03
  79	4.770000e+00	2.666000e+03
  80	4.830000e+00	2.088000e+03
  81	4.890000e+00	1.061000e+03
  82	4.950000e+00	3.650000e+02
  83	5.010000e+00	6.000000e+01
  84	5.070000e+00	1.000000e+01
  85	5.130000e+00	0.000000e+00
  86	5.190000e+00	0.000000e+00
  87	5.250000e+00	0.000000e+00
  88	5.310000e+00	0.000000e+00
  89	5.370000e+00	0.000000e+00
  90	5.430000e+00	0.000000e+00
  91	5.490000e+00	0.000000e+00
  92	5.550000e+00	0.000000e+00
  93	5.610000e+00	0.000000e+00
  94	5.670000e+00	0.000000e+00
  95	5.730000e+00	0.000000e+00
  96	5.790000e+00	0.000000e+00
  97	5.850000e+00	0.000000e+00
  98	5.910000e+00	0.000000e+00
  99	5.970000e+00	0.000000e+00

  1D histogram 1: trackL in absorber
 
 	     X 		     Y
  0	3.000000e-01	0.000000e+00
  1	9.000000e-01	0.000000e+00
  2	1.500000e+00	0.000000e+00
  3	2.100000e+00	0.000000e+00
  4	2.700000e+00	0.000000e+00
  5	3.300000e+00	0.000000e+00
  6	3.900000e+00	0.000000e+00
  7	4.500000e+00	0.000000e+00
  8	5.100000e+00	0.000000e+00
  9	5.700000e+00	0.000000e+00
  10	6.300000e+00	0.000000e+00
  11	6.900000e+00	0.000000e+00
  12	7.500000e+00	0.000000e+00
  13	8.100000e+00	0.000000e+00
  14	8.700000e+00	0.000000e+00
  15	9.300000e+00	0.000000e+00
  16	9.900000e+00	0.000000e+00
  17	1.050000e+01	0.000000e+00
  18	1.110000e+01	0.000000e+00
  19	1.170000e+01	0.000000e+00
  20	1.230000e+01	0.000000e+00
  21	1.290000e+01	0.000000e+00
  22	1.350000e+01	0.000000e+00
  23	1.410000e+01	0.000000e+00
  24	1.470000e+01	0.000000e+00
  25	1.530000e+01	0.000000e+00
  26	1.590000e+01	0.000000e+00
  27	1.650000e+01	0.000000e+00
  28	1.710000e+01	0.000000e+00
  29	1.770000e+01	0.000000e+00
  30	1.830000e+01	0.000000e+00
  31	1.890000e+01	0.000000e+00
  32	1.950000e+01	0.000000e+00
  33	2.010000e+01	0.000000e+00
  34	2.070000e+01	0.000000e+00
  35	2.130000e+01	0.000000e+00
  36	2.190000e+01	0.000000e+00
  37	2.250000e+01	0.000000e+00
  38	2.310000e+01	0.000000e+00
  39	2.370000e+01	0.000000e+00
  40	2.430000e+01	0.000000e+00
  41	2.490000e+01	0.000000e+00
  42	2.550000e+01	0.000000e+00
  43	2.610000e+01	0.000000e+00
  44	2.670000e+01	0.000000e+00
  45	2.730000e+01	0.000000e+00
  46	2.790000e+01	0.000000e+00
  47	2.850000e+01	0.000000e+00
  48	2.910000e+01	0.000000e+00
  49	2.970000e+01	0.000000e+00
  50	3.030000e+01	0.000000e+00
  51	3.090000e+01	0.000000e+00
  52	3.150000e+01	0.000000e+00
  53	3.210000e+01	0.000000e+00
  54	3.270000e+01	0.000000e+00
  55	3.330000e+01	3.000000e+00
  56	3.390000e+01	6.000000e+00
  57	3.450000e+01	4.700000e+01
  58	3.510000e+01	2.120000e+02
  59	3.570000e+01	5.360000e+02
  60	3.630000e+01	1.037000e+03
  61	3.690000e+01	1.647000e+03
  62	3.750000e+01	2.022000e+03
  63	3.810000e+01	1.867000e+03
  64	3.870000e+01	1.289000e+03
  65	3.930000e+01	7.890000e+02
  66	3.990000e+01	3.530000e+02
  67	4.050000e+01	1.410000e+02
  68	4.110000e+01	4.100000e+01
  69	4.170000e+01	7.000000e+00
  70	4.230000e+01	3.000000e+00
  71	4.290000e+01	0.000000e+00
  72	4.350000e+01	0.000000e+00
  73	4.410000e+01	0.000000e+00
  74	4.470000e+01	0.000000e+00
  75	4.530000e+01	0.000000e+00
  76	4.590000e+01	0.000000e+00
  77	4.650000e+01	0.000000e+00
  78	4.710000e+01	0.000000e+00
  79	4.770000e+01	0.000000e+00
  80	4.830000e+01	0.000000e+00
  81	4.890000e+01	0.000000e+00
  82	4.950000e+01	0.000000e+00
  83	5.010000e+01	0.000000e+00
  84	5.070000e+01	0.000000e+00
  85	5.130000e+01	0.000000e+00
  86	5.190000e+01	0.000000e+00
  87	5.250000e+01	0.000000e+00
  88	5.310000e+01	0.000000e+00
  89	5.370000e+01	0.000000e+00
  90	5.430000e+01	0.000000e+00
  91	5.490000e+01	0.000000e+00
  92	5.550000e+01	0.000000e+00
  93	5.610000e+01	0.000000e+00
  94	5.670000e+01	0.000000e+00
  95	5.730000e+01	0.000000e+00
  96	5.790000e+01	0.000000e+00
  97	5.850000e+01	0.000000e+00
  98	5.910000e+01	0.000000e+00
  99	5.970000e+01	0.000000e+00

  1D histogram 3: Scintillation Spectrum
 
 	     X 		     Y
  0	3.106200e-06	2.661530e+05
  1	3.118600e-06	1.297260e+05
  2	3.131000e-06	4.421600e+04
  3	3.143400e-06	1.243100e+05
  4	3.155800e-06	2.400180e+05
  5	3.168200e-06	5.856990e+05
  6	3.180600e-06	4.109000e+05
  7	3.193000e-06	1.742390e+05
  8	3.205400e-06	8.103500e+04
  9	3.217800e-06	2.188200e+04
  10	3.230200e-06	3.432100e+04
  11	3.242600e-06	1.294220e+05
  12	3.255000e-06	1.057422e+06
  13	3.267400e-06	1.295794e+06
  14	3.279800e-06	4.116990e+05
  15	3.292200e-06	3.441110e+05
  16	3.304600e-06	7.334460e+05
  17	3.317000e-06	4.073660e+05
  18	3.329400e-06	1.068390e+05
  19	3.341800e-06	1.595930e+05
  20	3.354200e-06	1.444960e+05
  21	3.366600e-06	8.086600e+04
  22	3.379000e-06	3.529300e+04
  23	3.391400e-06	4.758900e+04
  24	3.403800e-06	6.458500e+04
  25	3.416200e-06	1.337360e+05
  26	3.428600e-06	1.806760e+05
  27	3.441000e-06	2.927910e+05
  28	3.453400e-06	1.247136e+06
  29	3.465800e-06	3.575138e+06
  30	3.478200e-06	2.728455e+06
  31	3.490600e-06	1.059305e+06
  32	3.503000e-06	9.710410e+05
  33	3.515400e-06	7.565000e+05
  34	3.527800e-06	2.911980e+05
  35	3.540200e-06	1.557630e+05
  36	3.552600e-06	1.209620e+05
  37	3.565000e-06	1.260860e+05
  38	3.577400e-06	8.767300e+04
  39	3.589800e-06	3.728100e+04
  40	3.602200e-06	6.937700e+04
  41	3.614600e-06	1.338910e+05
  42	3.627000e-06	1.650500e+05
  43	3.639400e-06	2.849930e+05
  44	3.651800e-06	5.392800e+05
  45	3.664200e-06	2.360661e+06
  46	3.676600e-06	5.590404e+06
  47	3.689000e-06	4.914149e+06
  48	3.701400e-06	1.764275e+06
  49	3.713800e-06	6.628060e+05
  50	3.726200e-06	2.904300e+05
  51	3.738600e-06	1.622610e+05
  52	3.751000e-06	1.372540e+05
  53	3.763400e-06	1.486600e+05
  54	3.775800e-06	1.540400e+05
  55	3.788200e-06	1.949650e+05
  56	3.800600e-06	9.736600e+04
  57	3.813000e-06	3.631500e+04
  58	3.825400e-06	4.745100e+04
  59	3.837800e-06	7.488400e+04
  60	3.850200e-06	5.822400e+04
  61	3.862600e-06	1.957600e+04
  62	3.875000e-06	5.469600e+04
  63	3.887400e-06	7.324700e+04
  64	3.899800e-06	1.965670e+05
  65	3.912200e-06	8.965470e+05
  66	3.924600e-06	2.266309e+06
  67	3.937000e-06	2.193352e+06
  68	3.949400e-06	1.285620e+06
  69	3.961800e-06	9.203020e+05
  70	3.974200e-06	5.120010e+05
  71	3.986600e-06	3.070050e+05
  72	3.999000e-06	2.550880e+05
  73	4.011400e-06	1.581800e+05
  74	4.023800e-06	1.247350e+05
  75	4.036200e-06	8.791600e+04
  76	4.048600e-06	4.167300e+04
  77	4.061000e-06	8.796000e+03
  78	4.073400e-06	7.837600e+04
  79	4.085800e-06	5.556800e+04
  80	4.098200e-06	4.781900e+04
  81	4.110600e-06	4.236100e+04
  82	4.123000e-06	3.490600e+04
  83	4.135400e-06	7.705600e+04
  84	4.147800e-06	1.804650e+05
  85	4.160200e-06	2.943420e+05
  86	4.172600e-06	4.390150e+05
  87	4.185000e-06	4.366400e+05
  88	4.197400e-06	3.467690e+05
  89	4.209800e-06	1.800920e+05
  90	4.222200e-06	1.697400e+04
  91	4.234600e-06	1.830000e+02
  92	4.247000e-06	0.000000e+00
  93	4.259400e-06	0.000000e+00
  94	4.271800e-06	0.000000e+00
  95	4.284200e-06	0.000000e+00
  96	4.296600e-06	0.000000e+00
  97	4.309000e-06	2.470000e+02
  98	4.321400e-06	1.205000e+03
  99	4.333800e-06	3.427000e+03
  100	4.346200e-06	6.138000e+03
  101	4.358600e-06	5.789000e+03
  102	4.371000e-06	3.610000e+03
  103	4.383400e-06	1.109000e+03
  104	4.395800e-06	6.320000e+02
  105	4.408200e-06	9.400000e+02
  106	4.420600e-06	1.377000e+03
  107	4.433000e-06	8.550000e+02
  108	4.445400e-06	6.380000e+02
  109	4.457800e-06	5.140000e+02
  110	4.470200e-06	4.290000e+02
  111	4.482600e-06	0.000000e+00
  112	4.495000e-06	0.000000e+00
  113	4.507400e-06	0.000000e+00
  114	4.519800e-06	1.430000e+02
  115	4.532200e-06	1.845000e+03
  116	4.544600e-06	7.020000e+03
  117	4.557000e-06	1.140800e+04
  118	4.569400e-06	1.452800e+04
  119	4.581800e-06	1.162000e+04
  120	4.594200e-06	6.920000e+03
  121	4.606600e-06	3.773000e+03
  122	4.619000e-06	2.164000e+03
  123	4.631400e-06	2.179000e+03
  124	4.643800e-06	2.207000e+03
  125	4.656200e-06	1.161000e+03
  126	4.668600e-06	5.120000e+02
  127	4.681000e-06	2.110000e+02
  128	4.693400e-06	0.000000e+00
  129	4.705800e-06	0.000000e+00
  130	4.718200e-06	3.700000e+01
  131	4.730600e-06	3.880000e+02
  132	4.743000e-06	1.618000e+03
  133	4.755400e-06	5.164000e+03
  134	4.767800e-06	1.769900e+04
  135	4.780200e-06	2.532800e+04
  136	4.792600e-06	3.075700e+04
  137	4.805000e-06	2.591300e+04
  138	4.817400e-06	1.283300e+04
  139	4.829800e-06	7.672000e+03
  140	4.842200e-06	5.563000e+03
  141	4.854600e-06	3.926000e+03
  142	4.867000e-06	2.608000e+03
  143	4.879400e-06	1.592000e+03
  144	4.891800e-06	1.194000e+03
  145	4.904200e-06	5.700000e+02
  146	4.916600e-06	9.200000e+01
  147	4.929000e-06	0.000000e+00
  148	4.941400e-06	1.800000e+02
  149	4.953800e-06	3.220000e+02
  150	4.966200e-06	2.478000e+03
  151	4.978600e-06	9.299000e+03
  152	4.991000e-06	2.175100e+04
  153	5.003400e-06	4.502700e+04
  154	5.015800e-06	5.079500e+04
  155	5.028200e-06	4.638200e+04
  156	5.040600e-06	3.104900e+04
  157	5.053000e-06	1.733500e+04
  158	5.065400e-06	1.168600e+04
  159	5.077800e-06	5.714000e+03
  160	5.090200e-06	2.629000e+03
  161	5.102600e-06	1.981000e+03
  162	5.115000e-06	1.163000e+03
  163	5.127400e-06	7.660000e+02
  164	5.139800e-06	5.180000e+02
  165	5.152200e-06	3.430000e+02
  166	5.164600e-06	9.830000e+02
  167	5.177000e-06	5.190000e+02
  168	5.189400e-06	2.823000e+03
  169	5.201800e-06	1.166000e+04
  170	5.214200e-06	2.508400e+04
  171	5.226600e-06	4.563200e+04
  172	5.239000e-06	6.009500e+04
  173	5.251400e-06	5.970300e+04
  174	5.263800e-06	4.851800e+04
  175	5.276200e-06	3.537200e+04
  176	5.288600e-06	1.919500e+04
  177	5.301000e-06	1.061600e+04
  178	5.313400e-06	4.969000e+03
  179	5.325800e-06	2.310000e+03
  180	5.338200e-06	1.430000e+03
  181	5.350600e-06	4.990000e+02
  182	5.363000e-06	7.290000e+02
  183	5.375400e-06	2.270000e+02
  184	5.387800e-06	2.470000e+02
  185	5.400200e-06	5.100000e+02
  186	5.412600e-06	1.546000e+03
  187	5.425000e-06	4.508000e+03
  188	5.437400e-06	1.219900e+04
  189	5.449800e-06	2.520000e+04
  190	5.462200e-06	3.416700e+04
  191	5.474600e-06	4.814600e+04
  192	5.487000e-06	4.283200e+04
  193	5.499400e-06	3.712500e+04
  194	5.511800e-06	2.713300e+04
  195	5.524200e-06	1.511000e+04
  196	5.536600e-06	1.057600e+04
  197	5.549000e-06	7.029000e+03
  198	5.561400e-06	4.692000e+03
  199	5.573800e-06	1.814000e+03
  200	5.586200e-06	1.202000e+03
  201	5.598600e-06	5.670000e+02
  202	5.611000e-06	0.000000e+00
  203	5.623400e-06	1.430000e+02
  204	5.635800e-06	2.950000e+02
  205	5.648200e-06	2.970000e+02
  206	5.660600e-06	6.700000e+01
  207	5.673000e-06	0.000000e+00
  208	5.685400e-06	0.000000e+00
  209	5.697800e-06	0.000000e+00
  210	5.710200e-06	4.550000e+02
  211	5.722600e-06	2.230000e+02
  212	5.735000e-06	2.441000e+03
  213	5.747400e-06	3.814000e+03
  214	5.759800e-06	6.115000e+03
  215	5.772200e-06	7.523000e+03
  216	5.784600e-06	6.096000e+03
  217	5.797000e-06	4.365000e+03
  218	5.809400e-06	2.484000e+03
  219	5.821800e-06	1.563000e+03
  220	5.834200e-06	7.390000e+02
  221	5.846600e-06	2.760000e+02
  222	5.859000e-06	2.010000e+02
  223	5.871400e-06	6.390000e+02
  224	5.883800e-06	5.190000e+02
  225	5.896200e-06	2.670000e+02
  226	5.908600e-06	0.000000e+00
  227	5.921000e-06	0.000000e+00
  228	5.933400e-06	2.050000e+02
  229	5.945800e-06	5.400000e+02
  230	5.958200e-06	1.061000e+03
  231	5.970600e-06	1.648000e+03
  232	5.983000e-06	9.610000e+02
  233	5.995400e-06	4.880000e+02
  234	6.007800e-06	0.000000e+00
  235	6.020200e-06	0.000000e+00
  236	6.032600e-06	0.000000e+00
  237	6.045000e-06	0.000000e+00
  238	6.057400e-06	1.540000e+02
  239	6.069800e-06	4.230000e+02
  240	6.082200e-06	4.480000e+02
  241	6.094600e-06	4.480000e+02
  242	6.107000e-06	1.450000e+02
  243	6.119400e-06	3.350000e+02
  244	6.131800e-06	4.860000e+02
  245	6.144200e-06	1.230000e+02
  246	6.156600e-06	3.410000e+02
  247	6.169000e-06	0.000000e+00
  248	6.181400e-06	0.000000e+00
  249	6.193800e-06	0.000000e+00
