
  1D histogram 3: Radioluminescence Spectrum
 
 	     X 		     Y
  0	3.106200e+00	1.038145e+06
  1	3.118600e+00	0.000000e+00
  2	3.131000e+00	0.000000e+00
  3	3.143400e+00	2.470552e+06
  4	3.155800e+00	1.156386e+06
  5	3.168200e+00	1.157487e+07
  6	3.180600e+00	3.698946e+06
  7	3.193000e+00	0.000000e+00
  8	3.205400e+00	0.000000e+00
  9	3.217800e+00	0.000000e+00
  10	3.230200e+00	0.000000e+00
  11	3.242600e+00	0.000000e+00
  12	3.255000e+00	1.860581e+06
  13	3.267400e+00	2.583228e+06
  14	3.279800e+00	0.000000e+00
  15	3.292200e+00	5.200750e+05
  16	3.304600e+00	6.136510e+06
  17	3.317000e+00	2.044515e+06
  18	3.329400e+00	0.000000e+00
  19	3.341800e+00	3.298379e+06
  20	3.354200e+00	2.763320e+06
  21	3.366600e+00	0.000000e+00
  22	3.379000e+00	0.000000e+00
  23	3.391400e+00	0.000000e+00
  24	3.403800e+00	0.000000e+00
  25	3.416200e+00	0.000000e+00
  26	3.428600e+00	0.000000e+00
  27	3.441000e+00	0.000000e+00
  28	3.453400e+00	8.909597e+06
  29	3.465800e+00	1.802926e+07
  30	3.478200e+00	1.545024e+07
  31	3.490600e+00	0.000000e+00
  32	3.503000e+00	4.048439e+06
  33	3.515400e+00	4.592155e+06
  34	3.527800e+00	1.001740e+05
  35	3.540200e+00	6.988400e+05
  36	3.552600e+00	3.403240e+05
  37	3.565000e+00	0.000000e+00
  38	3.577400e+00	0.000000e+00
  39	3.589800e+00	0.000000e+00
  40	3.602200e+00	0.000000e+00
  41	3.614600e+00	0.000000e+00
  42	3.627000e+00	0.000000e+00
  43	3.639400e+00	0.000000e+00
  44	3.651800e+00	0.000000e+00
  45	3.664200e+00	7.047417e+06
  46	3.676600e+00	3.715405e+07
  47	3.689000e+00	2.125636e+07
  48	3.701400e+00	4.646500e+04
  49	3.713800e+00	8.800600e+04
  50	3.726200e+00	2.458400e+04
  51	3.738600e+00	1.053370e+05
  52	3.751000e+00	1.172200e+05
  53	3.763400e+00	1.589720e+05
  54	3.775800e+00	1.683396e+06
  55	3.788200e+00	1.652426e+06
  56	3.800600e+00	1.180515e+06
  57	3.813000e+00	0.000000e+00
  58	3.825400e+00	0.000000e+00
  59	3.837800e+00	0.000000e+00
  60	3.850200e+00	0.000000e+00
  61	3.862600e+00	0.000000e+00
  62	3.875000e+00	0.000000e+00
  63	3.887400e+00	0.000000e+00
  64	3.899800e+00	0.000000e+00
  65	3.912200e+00	2.797931e+06
  66	3.924600e+00	2.956719e+07
  67	3.937000e+00	2.878218e+07
  68	3.949400e+00	2.210068e+07
  69	3.961800e+00	2.222668e+07
  70	3.974200e+00	8.914897e+06
  71	3.986600e+00	8.252356e+06
  72	3.999000e+00	4.349245e+06
  73	4.011400e+00	0.000000e+00
  74	4.023800e+00	0.000000e+00
  75	4.036200e+00	0.000000e+00
  76	4.048600e+00	0.000000e+00
  77	4.061000e+00	0.000000e+00
  78	4.073400e+00	0.000000e+00
  79	4.085800e+00	0.000000e+00
  80	4.098200e+00	0.000000e+00
  81	4.110600e+00	0.000000e+00
  82	4.123000e+00	0.000000e+00
  83	4.135400e+00	0.000000e+00
  84	4.147800e+00	0.000000e+00
  85	4.160200e+00	1.634995e+06
  86	4.172600e+00	3.399794e+06
  87	4.185000e+00	2.671535e+06
  88	4.197400e+00	0.000000e+00
  89	4.209800e+00	0.000000e+00
  90	4.222200e+00	0.000000e+00
  91	4.234600e+00	0.000000e+00
  92	4.247000e+00	0.000000e+00
  93	4.259400e+00	0.000000e+00
  94	4.271800e+00	0.000000e+00
  95	4.284200e+00	0.000000e+00
  96	4.296600e+00	0.000000e+00
  97	4.309000e+00	0.000000e+00
  98	4.321400e+00	0.000000e+00
  99	4.333800e+00	2.454000e+03
  100	4.346200e+00	3.496000e+03
  101	4.358600e+00	3.410000e+03
  102	4.371000e+00	0.000000e+00
  103	4.383400e+00	2.252600e+04
  104	4.395800e+00	7.191900e+04
  105	4.408200e+00	6.962300e+04
  106	4.420600e+00	1.433700e+04
  107	4.433000e+00	0.000000e+00
  108	4.445400e+00	0.000000e+00
  109	4.457800e+00	0.000000e+00
  110	4.470200e+00	0.000000e+00
  111	4.482600e+00	0.000000e+00
  112	4.495000e+00	0.000000e+00
  113	4.507400e+00	0.000000e+00
  114	4.519800e+00	0.000000e+00
  115	4.532200e+00	0.000000e+00
  116	4.544600e+00	0.000000e+00
  117	4.557000e+00	1.523800e+04
  118	4.569400e+00	1.899700e+04
  119	4.581800e+00	1.795600e+04
  120	4.594200e+00	0.000000e+00
  121	4.606600e+00	4.000000e+00
  122	4.619000e+00	1.800000e+01
  123	4.631400e+00	9.900000e+01
  124	4.643800e+00	0.000000e+00
  125	4.656200e+00	3.310000e+02
  126	4.668600e+00	1.280000e+02
  127	4.681000e+00	2.110000e+02
  128	4.693400e+00	2.130000e+02
  129	4.705800e+00	5.000000e+00
  130	4.718200e+00	1.000000e+00
  131	4.730600e+00	8.600000e+01
  132	4.743000e+00	1.150000e+02
  133	4.755400e+00	4.000000e+00
  134	4.767800e+00	2.370000e+02
  135	4.780200e+00	6.425500e+04
  136	4.792600e+00	6.401800e+04
  137	4.805000e+00	6.097400e+04
  138	4.817400e+00	0.000000e+00
  139	4.829800e+00	0.000000e+00
  140	4.842200e+00	0.000000e+00
  141	4.854600e+00	0.000000e+00
  142	4.867000e+00	0.000000e+00
  143	4.879400e+00	0.000000e+00
  144	4.891800e+00	0.000000e+00
  145	4.904200e+00	0.000000e+00
  146	4.916600e+00	0.000000e+00
  147	4.929000e+00	0.000000e+00
  148	4.941400e+00	0.000000e+00
  149	4.953800e+00	0.000000e+00
  150	4.966200e+00	0.000000e+00
  151	4.978600e+00	0.000000e+00
  152	4.991000e+00	2.330000e+02
  153	5.003400e+00	1.486780e+05
  154	5.015800e+00	1.421200e+05
  155	5.028200e+00	1.420550e+05
  156	5.040600e+00	3.871200e+04
  157	5.053000e+00	0.000000e+00
  158	5.065400e+00	0.000000e+00
  159	5.077800e+00	0.000000e+00
  160	5.090200e+00	0.000000e+00
  161	5.102600e+00	0.000000e+00
  162	5.115000e+00	0.000000e+00
  163	5.127400e+00	0.000000e+00
  164	5.139800e+00	0.000000e+00
  165	5.152200e+00	0.000000e+00
  166	5.164600e+00	0.000000e+00
  167	5.177000e+00	0.000000e+00
  168	5.189400e+00	0.000000e+00
  169	5.201800e+00	0.000000e+00
  170	5.214200e+00	0.000000e+00
  171	5.226600e+00	9.213700e+04
  172	5.239000e+00	1.902200e+05
  173	5.251400e+00	1.923310e+05
  174	5.263800e+00	1.842240e+05
  175	5.276200e+00	1.749400e+04
  176	5.288600e+00	0.000000e+00
  177	5.301000e+00	0.000000e+00
  178	5.313400e+00	0.000000e+00
  179	5.325800e+00	0.000000e+00
  180	5.338200e+00	0.000000e+00
  181	5.350600e+00	0.000000e+00
  182	5.363000e+00	0.000000e+00
  183	5.375400e+00	0.000000e+00
  184	5.387800e+00	0.000000e+00
  185	5.400200e+00	0.000000e+00
  186	5.412600e+00	0.000000e+00
  187	5.425000e+00	0.000000e+00
  188	5.437400e+00	0.000000e+00
  189	5.449800e+00	0.000000e+00
  190	5.462200e+00	6.010900e+04
  191	5.474600e+00	7.682100e+04
  192	5.487000e+00	7.854400e+04
  193	5.499400e+00	7.691600e+04
  194	5.511800e+00	1.435400e+04
  195	5.524200e+00	0.000000e+00
  196	5.536600e+00	0.000000e+00
  197	5.549000e+00	0.000000e+00
  198	5.561400e+00	0.000000e+00
  199	5.573800e+00	0.000000e+00
  200	5.586200e+00	0.000000e+00
  201	5.598600e+00	0.000000e+00
  202	5.611000e+00	0.000000e+00
  203	5.623400e+00	0.000000e+00
  204	5.635800e+00	0.000000e+00
  205	5.648200e+00	0.000000e+00
  206	5.660600e+00	0.000000e+00
  207	5.673000e+00	0.000000e+00
  208	5.685400e+00	0.000000e+00
  209	5.697800e+00	0.000000e+00
  210	5.710200e+00	0.000000e+00
  211	5.722600e+00	0.000000e+00
  212	5.735000e+00	0.000000e+00
  213	5.747400e+00	0.000000e+00
  214	5.759800e+00	0.000000e+00
  215	5.772200e+00	0.000000e+00
  216	5.784600e+00	0.000000e+00
  217	5.797000e+00	0.000000e+00
  218	5.809400e+00	0.000000e+00
  219	5.821800e+00	0.000000e+00
  220	5.834200e+00	0.000000e+00
  221	5.846600e+00	0.000000e+00
  222	5.859000e+00	0.000000e+00
  223	5.871400e+00	0.000000e+00
  224	5.883800e+00	0.000000e+00
  225	5.896200e+00	0.000000e+00
  226	5.908600e+00	0.000000e+00
  227	5.921000e+00	0.000000e+00
  228	5.933400e+00	0.000000e+00
  229	5.945800e+00	0.000000e+00
  230	5.958200e+00	0.000000e+00
  231	5.970600e+00	0.000000e+00
  232	5.983000e+00	0.000000e+00
  233	5.995400e+00	0.000000e+00
  234	6.007800e+00	0.000000e+00
  235	6.020200e+00	0.000000e+00
  236	6.032600e+00	0.000000e+00
  237	6.045000e+00	0.000000e+00
  238	6.057400e+00	0.000000e+00
  239	6.069800e+00	0.000000e+00
  240	6.082200e+00	0.000000e+00
  241	6.094600e+00	0.000000e+00
  242	6.107000e+00	0.000000e+00
  243	6.119400e+00	0.000000e+00
  244	6.131800e+00	0.000000e+00
  245	6.144200e+00	0.000000e+00
  246	6.156600e+00	0.000000e+00
  247	6.169000e+00	0.000000e+00
  248	6.181400e+00	0.000000e+00
  249	6.193800e+00	0.000000e+00
