# mesh name: scoring_mesh
# primitive scorer name: n_opticalPhotons
# xy projection
200 40 
0,0,4
0,1,0
0,2,0
0,3,0
0,4,0
0,5,0
0,6,4
0,7,0
0,8,0
0,9,0
0,10,0
0,11,0
0,12,0
0,13,0
0,14,4
0,15,0
0,16,0
0,17,0
0,18,0
0,19,4
0,20,4
0,21,4
0,22,0
0,23,0
0,24,0
0,25,0
0,26,4
0,27,4
0,28,4
0,29,0
0,30,0
0,31,0
0,32,0
0,33,0
0,34,0
0,35,8
0,36,4
0,37,0
0,38,0
0,39,0
1,0,0
1,1,0
1,2,4
1,3,0
1,4,0
1,5,0
1,6,0
1,7,0
1,8,0
1,9,0
1,10,0
1,11,0
1,12,0
1,13,4
1,14,0
1,15,0
1,16,0
1,17,0
1,18,0
1,19,0
1,20,0
1,21,0
1,22,0
1,23,0
1,24,4
1,25,0
1,26,4
1,27,0
1,28,0
1,29,0
1,30,0
1,31,0
1,32,4
1,33,0
1,34,0
1,35,0
1,36,0
1,37,0
1,38,0
1,39,0
2,0,0
2,1,0
2,2,0
2,3,4
2,4,0
2,5,8
2,6,0
2,7,0
2,8,0
2,9,0
2,10,0
2,11,0
2,12,0
2,13,0
2,14,0
2,15,4
2,16,4
2,17,0
2,18,0
2,19,0
2,20,0
2,21,0
2,22,0
2,23,0
2,24,0
2,25,0
2,26,8
2,27,0
2,28,0
2,29,0
2,30,0
2,31,0
2,32,0
2,33,0
2,34,4
2,35,4
2,36,0
2,37,0
2,38,0
2,39,4
3,0,0
3,1,0
3,2,0
3,3,0
3,4,0
3,5,0
3,6,0
3,7,0
3,8,4
3,9,0
3,10,0
3,11,0
3,12,0
3,13,0
3,14,0
3,15,4
3,16,0
3,17,4
3,18,0
3,19,0
3,20,0
3,21,0
3,22,0
3,23,0
3,24,0
3,25,0
3,26,0
3,27,0
3,28,0
3,29,0
3,30,4
3,31,0
3,32,0
3,33,0
3,34,0
3,35,4
3,36,0
3,37,0
3,38,0
3,39,0
4,0,4
4,1,0
4,2,0
4,3,0
4,4,4
4,5,0
4,6,0
4,7,4
4,8,0
4,9,0
4,10,0
4,11,0
4,12,0
4,13,0
4,14,0
4,15,4
4,16,0
4,17,0
4,18,0
4,19,4
4,20,0
4,21,4
4,22,0
4,23,4
4,24,0
4,25,4
4,26,4
4,27,4
4,28,8
4,29,0
4,30,0
4,31,0
4,32,0
4,33,0
4,34,4
4,35,0
4,36,0
4,37,0
4,38,4
4,39,4
5,0,4
5,1,0
5,2,4
5,3,0
5,4,4
5,5,4
5,6,8
5,7,0
5,8,0
5,9,0
5,10,0
5,11,0
5,12,0
5,13,4
5,14,4
5,15,0
5,16,4
5,17,0
5,18,8
5,19,0
5,20,0
5,21,0
5,22,0
5,23,4
5,24,0
5,25,4
5,26,4
5,27,0
5,28,0
5,29,0
5,30,0
5,31,0
5,32,0
5,33,4
5,34,0
5,35,4
5,36,0
5,37,4
5,38,0
5,39,8
6,0,4
6,1,0
6,2,0
6,3,0
6,4,0
6,5,0
6,6,0
6,7,0
6,8,0
6,9,0
6,10,0
6,11,8
6,12,0
6,13,0
6,14,0
6,15,0
6,16,4
6,17,0
6,18,0
6,19,8
6,20,0
6,21,0
6,22,0
6,23,0
6,24,4
6,25,0
6,26,4
6,27,0
6,28,0
6,29,0
6,30,0
6,31,4
6,32,0
6,33,0
6,34,0
6,35,0
6,36,0
6,37,0
6,38,8
6,39,4
7,0,0
7,1,0
7,2,4
7,3,4
7,4,0
7,5,0
7,6,0
7,7,4
7,8,0
7,9,4
7,10,0
7,11,4
7,12,0
7,13,0
7,14,0
7,15,0
7,16,4
7,17,0
7,18,0
7,19,0
7,20,0
7,21,0
7,22,0
7,23,0
7,24,0
7,25,0
7,26,4
7,27,0
7,28,0
7,29,0
7,30,0
7,31,0
7,32,0
7,33,0
7,34,4
7,35,0
7,36,0
7,37,4
7,38,0
7,39,0
8,0,0
8,1,8
8,2,0
8,3,0
8,4,0
8,5,0
8,6,4
8,7,0
8,8,0
8,9,0
8,10,0
8,11,0
8,12,0
8,13,0
8,14,0
8,15,8
8,16,0
8,17,0
8,18,0
8,19,0
8,20,8
8,21,4
8,22,0
8,23,0
8,24,8
8,25,8
8,26,0
8,27,4
8,28,0
8,29,4
8,30,0
8,31,0
8,32,0
8,33,0
8,34,0
8,35,0
8,36,4
8,37,4
8,38,4
8,39,0
9,0,0
9,1,0
9,2,4
9,3,0
9,4,4
9,5,4
9,6,0
9,7,8
9,8,4
9,9,0
9,10,4
9,11,0
9,12,0
9,13,0
9,14,4
9,15,0
9,16,4
9,17,0
9,18,0
9,19,0
9,20,0
9,21,0
9,22,0
9,23,4
9,24,0
9,25,4
9,26,8
9,27,0
9,28,0
9,29,0
9,30,0
9,31,0
9,32,4
9,33,4
9,34,0
9,35,0
9,36,0
9,37,0
9,38,0
9,39,4
10,0,4
10,1,0
10,2,0
10,3,0
10,4,4
10,5,8
10,6,4
10,7,0
10,8,0
10,9,0
10,10,4
10,11,0
10,12,0
10,13,0
10,14,0
10,15,0
10,16,0
10,17,0
10,18,4
10,19,4
10,20,4
10,21,0
10,22,0
10,23,0
10,24,4
10,25,0
10,26,4
10,27,0
10,28,0
10,29,4
10,30,0
10,31,4
10,32,0
10,33,0
10,34,4
10,35,0
10,36,0
10,37,0
10,38,0
10,39,4
11,0,4
11,1,4
11,2,0
11,3,0
11,4,0
11,5,0
11,6,0
11,7,0
11,8,0
11,9,0
11,10,8
11,11,0
11,12,0
11,13,0
11,14,0
11,15,4
11,16,0
11,17,8
11,18,0
11,19,4
11,20,0
11,21,0
11,22,4
11,23,0
11,24,0
11,25,12
11,26,0
11,27,0
11,28,0
11,29,0
11,30,0
11,31,0
11,32,4
11,33,0
11,34,0
11,35,4
11,36,0
11,37,8
11,38,4
11,39,0
12,0,0
12,1,0
12,2,4
12,3,0
12,4,0
12,5,0
12,6,4
12,7,4
12,8,0
12,9,0
12,10,0
12,11,0
12,12,0
12,13,0
12,14,4
12,15,0
12,16,4
12,17,4
12,18,0
12,19,4
12,20,8
12,21,0
12,22,0
12,23,0
12,24,0
12,25,0
12,26,4
12,27,0
12,28,0
12,29,0
12,30,4
12,31,0
12,32,0
12,33,4
12,34,4
12,35,4
12,36,0
12,37,0
12,38,0
12,39,4
13,0,0
13,1,0
13,2,0
13,3,0
13,4,4
13,5,0
13,6,0
13,7,0
13,8,0
13,9,8
13,10,4
13,11,0
13,12,0
13,13,0
13,14,4
13,15,8
13,16,0
13,17,0
13,18,0
13,19,4
13,20,0
13,21,0
13,22,0
13,23,8
13,24,8
13,25,0
13,26,0
13,27,0
13,28,0
13,29,4
13,30,4
13,31,8
13,32,0
13,33,0
13,34,0
13,35,4
13,36,4
13,37,0
13,38,0
13,39,4
14,0,0
14,1,4
14,2,8
14,3,8
14,4,0
14,5,0
14,6,0
14,7,0
14,8,0
14,9,0
14,10,0
14,11,4
14,12,4
14,13,0
14,14,0
14,15,0
14,16,0
14,17,0
14,18,4
14,19,0
14,20,4
14,21,0
14,22,0
14,23,4
14,24,0
14,25,16
14,26,0
14,27,0
14,28,0
14,29,0
14,30,4
14,31,0
14,32,0
14,33,0
14,34,0
14,35,0
14,36,4
14,37,0
14,38,4
14,39,0
15,0,0
15,1,4
15,2,4
15,3,4
15,4,0
15,5,4
15,6,0
15,7,0
15,8,4
15,9,0
15,10,0
15,11,8
15,12,0
15,13,0
15,14,0
15,15,0
15,16,0
15,17,0
15,18,0
15,19,8
15,20,0
15,21,0
15,22,0
15,23,0
15,24,0
15,25,0
15,26,4
15,27,4
15,28,0
15,29,0
15,30,0
15,31,4
15,32,0
15,33,4
15,34,0
15,35,4
15,36,4
15,37,8
15,38,0
15,39,0
16,0,0
16,1,4
16,2,4
16,3,0
16,4,4
16,5,0
16,6,4
16,7,0
16,8,4
16,9,0
16,10,0
16,11,0
16,12,0
16,13,0
16,14,4
16,15,0
16,16,4
16,17,0
16,18,0
16,19,4
16,20,0
16,21,0
16,22,0
16,23,4
16,24,0
16,25,4
16,26,0
16,27,0
16,28,0
16,29,0
16,30,4
16,31,0
16,32,4
16,33,4
16,34,4
16,35,0
16,36,4
16,37,0
16,38,4
16,39,8
17,0,0
17,1,0
17,2,4
17,3,0
17,4,0
17,5,0
17,6,4
17,7,4
17,8,0
17,9,0
17,10,4
17,11,4
17,12,0
17,13,0
17,14,8
17,15,4
17,16,0
17,17,0
17,18,0
17,19,4
17,20,8
17,21,4
17,22,0
17,23,0
17,24,4
17,25,8
17,26,0
17,27,0
17,28,0
17,29,8
17,30,8
17,31,0
17,32,0
17,33,0
17,34,0
17,35,4
17,36,0
17,37,4
17,38,4
17,39,0
18,0,0
18,1,0
18,2,0
18,3,4
18,4,4
18,5,4
18,6,0
18,7,0
18,8,4
18,9,0
18,10,0
18,11,0
18,12,0
18,13,0
18,14,0
18,15,4
18,16,0
18,17,0
18,18,0
18,19,8
18,20,0
18,21,0
18,22,8
18,23,4
18,24,0
18,25,8
18,26,0
18,27,0
18,28,4
18,29,4
18,30,8
18,31,0
18,32,0
18,33,0
18,34,4
18,35,12
18,36,0
18,37,0
18,38,4
18,39,4
19,0,0
19,1,0
19,2,0
19,3,0
19,4,0
19,5,4
19,6,8
19,7,4
19,8,4
19,9,4
19,10,0
19,11,8
19,12,0
19,13,0
19,14,4
19,15,8
19,16,4
19,17,4
19,18,4
19,19,0
19,20,0
19,21,0
19,22,0
19,23,4
19,24,4
19,25,4
19,26,0
19,27,0
19,28,0
19,29,4
19,30,0
19,31,0
19,32,0
19,33,4
19,34,4
19,35,0
19,36,0
19,37,0
19,38,4
19,39,0
20,0,0
20,1,0
20,2,0
20,3,4
20,4,0
20,5,0
20,6,0
20,7,4
20,8,4
20,9,0
20,10,0
20,11,4
20,12,4
20,13,0
20,14,0
20,15,0
20,16,0
20,17,4
20,18,0
20,19,12
20,20,0
20,21,4
20,22,4
20,23,4
20,24,12
20,25,8
20,26,0
20,27,0
20,28,0
20,29,8
20,30,8
20,31,4
20,32,0
20,33,0
20,34,4
20,35,8
20,36,4
20,37,4
20,38,4
20,39,0
21,0,0
21,1,4
21,2,0
21,3,0
21,4,8
21,5,0
21,6,4
21,7,4
21,8,0
21,9,4
21,10,0
21,11,0
21,12,4
21,13,0
21,14,0
21,15,4
21,16,0
21,17,4
21,18,0
21,19,8
21,20,8
21,21,0
21,22,0
21,23,0
21,24,4
21,25,0
21,26,0
21,27,4
21,28,0
21,29,0
21,30,4
21,31,0
21,32,0
21,33,4
21,34,8
21,35,0
21,36,4
21,37,12
21,38,8
21,39,8
22,0,4
22,1,0
22,2,4
22,3,4
22,4,4
22,5,12
22,6,8
22,7,0
22,8,0
22,9,4
22,10,0
22,11,4
22,12,8
22,13,0
22,14,0
22,15,0
22,16,0
22,17,0
22,18,4
22,19,0
22,20,0
22,21,4
22,22,0
22,23,12
22,24,4
22,25,4
22,26,0
22,27,0
22,28,8
22,29,8
22,30,0
22,31,4
22,32,0
22,33,8
22,34,0
22,35,12
22,36,4
22,37,8
22,38,4
22,39,4
23,0,4
23,1,0
23,2,0
23,3,0
23,4,4
23,5,0
23,6,0
23,7,8
23,8,0
23,9,0
23,10,4
23,11,0
23,12,8
23,13,4
23,14,0
23,15,4
23,16,4
23,17,12
23,18,4
23,19,4
23,20,0
23,21,8
23,22,4
23,23,0
23,24,4
23,25,0
23,26,4
23,27,0
23,28,0
23,29,8
23,30,0
23,31,4
23,32,12
23,33,4
23,34,0
23,35,0
23,36,0
23,37,0
23,38,4
23,39,8
24,0,0
24,1,4
24,2,0
24,3,0
24,4,0
24,5,0
24,6,8
24,7,0
24,8,0
24,9,4
24,10,0
24,11,0
24,12,4
24,13,0
24,14,0
24,15,4
24,16,0
24,17,0
24,18,4
24,19,4
24,20,0
24,21,8
24,22,4
24,23,4
24,24,12
24,25,4
24,26,0
24,27,4
24,28,12
24,29,4
24,30,0
24,31,0
24,32,4
24,33,4
24,34,0
24,35,8
24,36,8
24,37,0
24,38,0
24,39,0
25,0,4
25,1,8
25,2,0
25,3,4
25,4,4
25,5,0
25,6,16
25,7,8
25,8,8
25,9,4
25,10,0
25,11,0
25,12,0
25,13,0
25,14,4
25,15,4
25,16,0
25,17,4
25,18,4
25,19,4
25,20,12
25,21,0
25,22,4
25,23,0
25,24,0
25,25,4
25,26,4
25,27,0
25,28,0
25,29,16
25,30,4
25,31,4
25,32,0
25,33,4
25,34,16
25,35,4
25,36,0
25,37,0
25,38,0
25,39,0
26,0,0
26,1,0
26,2,0
26,3,0
26,4,0
26,5,8
26,6,8
26,7,4
26,8,0
26,9,4
26,10,4
26,11,4
26,12,4
26,13,4
26,14,4
26,15,4
26,16,4
26,17,8
26,18,4
26,19,8
26,20,0
26,21,4
26,22,0
26,23,8
26,24,8
26,25,0
26,26,4
26,27,8
26,28,4
26,29,0
26,30,0
26,31,8
26,32,4
26,33,4
26,34,0
26,35,0
26,36,0
26,37,4
26,38,12
26,39,4
27,0,4
27,1,4
27,2,4
27,3,0
27,4,0
27,5,0
27,6,0
27,7,8
27,8,4
27,9,8
27,10,4
27,11,0
27,12,0
27,13,4
27,14,4
27,15,0
27,16,0
27,17,0
27,18,4
27,19,4
27,20,16
27,21,4
27,22,4
27,23,0
27,24,8
27,25,8
27,26,4
27,27,8
27,28,8
27,29,8
27,30,4
27,31,4
27,32,8
27,33,4
27,34,4
27,35,8
27,36,0
27,37,4
27,38,12
27,39,4
28,0,0
28,1,0
28,2,8
28,3,4
28,4,4
28,5,4
28,6,4
28,7,12
28,8,4
28,9,0
28,10,4
28,11,4
28,12,0
28,13,4
28,14,4
28,15,0
28,16,0
28,17,12
28,18,0
28,19,0
28,20,0
28,21,0
28,22,12
28,23,4
28,24,4
28,25,8
28,26,4
28,27,4
28,28,4
28,29,4
28,30,0
28,31,4
28,32,4
28,33,12
28,34,0
28,35,0
28,36,4
28,37,8
28,38,0
28,39,0
29,0,0
29,1,4
29,2,4
29,3,8
29,4,4
29,5,4
29,6,8
29,7,8
29,8,4
29,9,4
29,10,4
29,11,0
29,12,4
29,13,4
29,14,4
29,15,4
29,16,4
29,17,8
29,18,0
29,19,4
29,20,12
29,21,8
29,22,0
29,23,12
29,24,12
29,25,0
29,26,4
29,27,4
29,28,12
29,29,4
29,30,4
29,31,4
29,32,4
29,33,4
29,34,4
29,35,0
29,36,8
29,37,8
29,38,0
29,39,12
30,0,8
30,1,4
30,2,0
30,3,0
30,4,0
30,5,0
30,6,0
30,7,4
30,8,20
30,9,8
30,10,4
30,11,4
30,12,4
30,13,12
30,14,12
30,15,0
30,16,0
30,17,4
30,18,0
30,19,0
30,20,0
30,21,4
30,22,4
30,23,8
30,24,8
30,25,4
30,26,4
30,27,12
30,28,4
30,29,4
30,30,0
30,31,4
30,32,4
30,33,8
30,34,4
30,35,0
30,36,4
30,37,16
30,38,8
30,39,8
31,0,4
31,1,8
31,2,0
31,3,8
31,4,0
31,5,4
31,6,0
31,7,4
31,8,12
31,9,0
31,10,8
31,11,8
31,12,4
31,13,0
31,14,8
31,15,0
31,16,8
31,17,12
31,18,0
31,19,16
31,20,4
31,21,4
31,22,4
31,23,8
31,24,8
31,25,0
31,26,8
31,27,0
31,28,4
31,29,0
31,30,12
31,31,4
31,32,8
31,33,0
31,34,0
31,35,4
31,36,8
31,37,4
31,38,4
31,39,0
32,0,4
32,1,4
32,2,8
32,3,12
32,4,8
32,5,0
32,6,4
32,7,0
32,8,12
32,9,0
32,10,4
32,11,0
32,12,0
32,13,4
32,14,8
32,15,0
32,16,8
32,17,8
32,18,0
32,19,8
32,20,8
32,21,4
32,22,4
32,23,20
32,24,0
32,25,4
32,26,4
32,27,8
32,28,12
32,29,4
32,30,4
32,31,16
32,32,4
32,33,4
32,34,0
32,35,0
32,36,16
32,37,0
32,38,8
32,39,16
33,0,0
33,1,4
33,2,0
33,3,0
33,4,8
33,5,0
33,6,4
33,7,4
33,8,8
33,9,4
33,10,8
33,11,8
33,12,0
33,13,4
33,14,4
33,15,0
33,16,12
33,17,8
33,18,0
33,19,0
33,20,8
33,21,8
33,22,0
33,23,20
33,24,12
33,25,0
33,26,8
33,27,8
33,28,4
33,29,8
33,30,8
33,31,0
33,32,0
33,33,0
33,34,4
33,35,12
33,36,4
33,37,12
33,38,4
33,39,4
34,0,12
34,1,4
34,2,4
34,3,0
34,4,12
34,5,12
34,6,4
34,7,0
34,8,8
34,9,20
34,10,0
34,11,4
34,12,4
34,13,8
34,14,12
34,15,4
34,16,4
34,17,16
34,18,4
34,19,8
34,20,12
34,21,0
34,22,20
34,23,20
34,24,8
34,25,8
34,26,12
34,27,8
34,28,8
34,29,4
34,30,0
34,31,20
34,32,4
34,33,4
34,34,0
34,35,12
34,36,8
34,37,12
34,38,8
34,39,0
35,0,4
35,1,0
35,2,4
35,3,0
35,4,4
35,5,12
35,6,4
35,7,0
35,8,0
35,9,4
35,10,8
35,11,8
35,12,0
35,13,0
35,14,12
35,15,8
35,16,4
35,17,0
35,18,0
35,19,8
35,20,4
35,21,8
35,22,8
35,23,20
35,24,4
35,25,4
35,26,4
35,27,4
35,28,4
35,29,0
35,30,12
35,31,4
35,32,8
35,33,4
35,34,4
35,35,12
35,36,12
35,37,8
35,38,0
35,39,4
36,0,8
36,1,0
36,2,8
36,3,0
36,4,0
36,5,8
36,6,8
36,7,12
36,8,4
36,9,4
36,10,12
36,11,12
36,12,8
36,13,12
36,14,12
36,15,0
36,16,4
36,17,24
36,18,4
36,19,16
36,20,12
36,21,4
36,22,28
36,23,4
36,24,4
36,25,16
36,26,0
36,27,8
36,28,4
36,29,12
36,30,12
36,31,8
36,32,4
36,33,4
36,34,16
36,35,20
36,36,16
36,37,8
36,38,0
36,39,8
37,0,12
37,1,12
37,2,8
37,3,8
37,4,0
37,5,4
37,6,8
37,7,8
37,8,4
37,9,12
37,10,12
37,11,4
37,12,4
37,13,20
37,14,12
37,15,4
37,16,8
37,17,8
37,18,16
37,19,24
37,20,4
37,21,20
37,22,12
37,23,36
37,24,8
37,25,4
37,26,16
37,27,16
37,28,8
37,29,4
37,30,4
37,31,4
37,32,4
37,33,4
37,34,16
37,35,12
37,36,0
37,37,4
37,38,0
37,39,8
38,0,8
38,1,12
38,2,8
38,3,4
38,4,8
38,5,12
38,6,4
38,7,12
38,8,8
38,9,8
38,10,8
38,11,12
38,12,0
38,13,16
38,14,16
38,15,4
38,16,0
38,17,0
38,18,16
38,19,12
38,20,8
38,21,24
38,22,20
38,23,12
38,24,0
38,25,12
38,26,4
38,27,16
38,28,4
38,29,16
38,30,12
38,31,8
38,32,4
38,33,12
38,34,12
38,35,20
38,36,0
38,37,12
38,38,0
38,39,8
39,0,4
39,1,4
39,2,12
39,3,12
39,4,4
39,5,0
39,6,20
39,7,12
39,8,4
39,9,8
39,10,12
39,11,12
39,12,8
39,13,8
39,14,20
39,15,16
39,16,16
39,17,4
39,18,20
39,19,8
39,20,20
39,21,24
39,22,8
39,23,20
39,24,0
39,25,8
39,26,8
39,27,8
39,28,8
39,29,8
39,30,8
39,31,4
39,32,8
39,33,8
39,34,20
39,35,12
39,36,8
39,37,4
39,38,8
39,39,4
40,0,4
40,1,24
40,2,4
40,3,16
40,4,16
40,5,0
40,6,4
40,7,12
40,8,4
40,9,16
40,10,4
40,11,12
40,12,12
40,13,4
40,14,24
40,15,4
40,16,12
40,17,8
40,18,8
40,19,12
40,20,4
40,21,36
40,22,4
40,23,8
40,24,0
40,25,8
40,26,12
40,27,16
40,28,4
40,29,4
40,30,4
40,31,4
40,32,8
40,33,12
40,34,16
40,35,12
40,36,8
40,37,4
40,38,4
40,39,8
41,0,8
41,1,4
41,2,16
41,3,8
41,4,12
41,5,12
41,6,4
41,7,16
41,8,8
41,9,24
41,10,20
41,11,12
41,12,12
41,13,8
41,14,20
41,15,28
41,16,16
41,17,24
41,18,16
41,19,20
41,20,16
41,21,24
41,22,16
41,23,4
41,24,8
41,25,8
41,26,20
41,27,8
41,28,0
41,29,16
41,30,12
41,31,16
41,32,16
41,33,12
41,34,8
41,35,8
41,36,8
41,37,0
41,38,4
41,39,12
42,0,4
42,1,12
42,2,8
42,3,8
42,4,24
42,5,12
42,6,8
42,7,16
42,8,12
42,9,24
42,10,20
42,11,8
42,12,4
42,13,12
42,14,16
42,15,12
42,16,12
42,17,12
42,18,20
42,19,16
42,20,28
42,21,20
42,22,4
42,23,16
42,24,8
42,25,16
42,26,12
42,27,16
42,28,16
42,29,4
42,30,12
42,31,8
42,32,20
42,33,8
42,34,8
42,35,4
42,36,4
42,37,12
42,38,12
42,39,0
43,0,8
43,1,4
43,2,12
43,3,12
43,4,4
43,5,24
43,6,12
43,7,8
43,8,12
43,9,12
43,10,28
43,11,8
43,12,16
43,13,16
43,14,8
43,15,36
43,16,12
43,17,12
43,18,24
43,19,28
43,20,16
43,21,24
43,22,8
43,23,8
43,24,12
43,25,16
43,26,12
43,27,8
43,28,12
43,29,16
43,30,8
43,31,12
43,32,16
43,33,12
43,34,16
43,35,4
43,36,8
43,37,12
43,38,8
43,39,8
44,0,12
44,1,4
44,2,16
44,3,12
44,4,4
44,5,16
44,6,28
44,7,16
44,8,20
44,9,8
44,10,24
44,11,12
44,12,16
44,13,32
44,14,12
44,15,12
44,16,28
44,17,36
44,18,36
44,19,28
44,20,20
44,21,28
44,22,4
44,23,8
44,24,16
44,25,20
44,26,24
44,27,4
44,28,28
44,29,0
44,30,12
44,31,24
44,32,12
44,33,4
44,34,0
44,35,8
44,36,8
44,37,8
44,38,4
44,39,0
45,0,32
45,1,8
45,2,12
45,3,12
45,4,8
45,5,16
45,6,24
45,7,16
45,8,20
45,9,16
45,10,24
45,11,20
45,12,20
45,13,16
45,14,16
45,15,20
45,16,64
45,17,28
45,18,32
45,19,24
45,20,28
45,21,28
45,22,12
45,23,16
45,24,24
45,25,28
45,26,16
45,27,8
45,28,4
45,29,8
45,30,28
45,31,8
45,32,16
45,33,12
45,34,4
45,35,12
45,36,0
45,37,8
45,38,16
45,39,8
46,0,8
46,1,4
46,2,4
46,3,24
46,4,12
46,5,16
46,6,4
46,7,20
46,8,28
46,9,20
46,10,24
46,11,20
46,12,16
46,13,20
46,14,44
46,15,72
46,16,56
46,17,48
46,18,8
46,19,16
46,20,28
46,21,20
46,22,12
46,23,32
46,24,12
46,25,20
46,26,20
46,27,24
46,28,24
46,29,32
46,30,16
46,31,4
46,32,8
46,33,8
46,34,12
46,35,4
46,36,16
46,37,4
46,38,8
46,39,12
47,0,16
47,1,20
47,2,8
47,3,16
47,4,16
47,5,20
47,6,12
47,7,12
47,8,24
47,9,28
47,10,16
47,11,44
47,12,32
47,13,32
47,14,36
47,15,24
47,16,28
47,17,48
47,18,44
47,19,24
47,20,32
47,21,32
47,22,28
47,23,32
47,24,40
47,25,28
47,26,12
47,27,0
47,28,16
47,29,12
47,30,24
47,31,8
47,32,4
47,33,12
47,34,0
47,35,16
47,36,12
47,37,12
47,38,8
47,39,0
48,0,12
48,1,20
48,2,4
48,3,12
48,4,24
48,5,20
48,6,16
48,7,16
48,8,20
48,9,36
48,10,20
48,11,24
48,12,56
48,13,36
48,14,20
48,15,36
48,16,28
48,17,56
48,18,28
48,19,28
48,20,36
48,21,32
48,22,20
48,23,32
48,24,36
48,25,36
48,26,8
48,27,40
48,28,20
48,29,36
48,30,12
48,31,12
48,32,20
48,33,4
48,34,8
48,35,16
48,36,12
48,37,12
48,38,4
48,39,4
49,0,4
49,1,8
49,2,24
49,3,16
49,4,20
49,5,32
49,6,24
49,7,20
49,8,24
49,9,24
49,10,40
49,11,40
49,12,32
49,13,24
49,14,60
49,15,32
49,16,52
49,17,60
49,18,44
49,19,24
49,20,24
49,21,32
49,22,32
49,23,24
49,24,36
49,25,24
49,26,32
49,27,36
49,28,36
49,29,16
49,30,16
49,31,4
49,32,24
49,33,20
49,34,16
49,35,16
49,36,4
49,37,4
49,38,4
49,39,0
50,0,20
50,1,20
50,2,8
50,3,20
50,4,12
50,5,20
50,6,16
50,7,32
50,8,32
50,9,20
50,10,40
50,11,56
50,12,40
50,13,36
50,14,64
50,15,68
50,16,68
50,17,52
50,18,44
50,19,48
50,20,48
50,21,20
50,22,52
50,23,44
50,24,20
50,25,16
50,26,28
50,27,44
50,28,36
50,29,32
50,30,4
50,31,24
50,32,12
50,33,8
50,34,28
50,35,8
50,36,8
50,37,28
50,38,12
50,39,8
51,0,20
51,1,0
51,2,16
51,3,24
51,4,12
51,5,8
51,6,28
51,7,20
51,8,36
51,9,32
51,10,16
51,11,40
51,12,56
51,13,72
51,14,52
51,15,24
51,16,100
51,17,56
51,18,88
51,19,64
51,20,44
51,21,48
51,22,52
51,23,36
51,24,48
51,25,40
51,26,88
51,27,32
51,28,28
51,29,40
51,30,12
51,31,32
51,32,12
51,33,28
51,34,8
51,35,20
51,36,8
51,37,16
51,38,12
51,39,16
52,0,20
52,1,24
52,2,12
52,3,28
52,4,16
52,5,24
52,6,36
52,7,36
52,8,32
52,9,40
52,10,20
52,11,48
52,12,44
52,13,72
52,14,56
52,15,24
52,16,96
52,17,92
52,18,56
52,19,68
52,20,52
52,21,72
52,22,16
52,23,36
52,24,48
52,25,44
52,26,104
52,27,48
52,28,8
52,29,40
52,30,20
52,31,24
52,32,24
52,33,20
52,34,20
52,35,4
52,36,16
52,37,12
52,38,12
52,39,12
53,0,12
53,1,20
53,2,12
53,3,40
53,4,20
53,5,24
53,6,24
53,7,16
53,8,24
53,9,44
53,10,32
53,11,44
53,12,40
53,13,80
53,14,40
53,15,60
53,16,120
53,17,64
53,18,40
53,19,104
53,20,72
53,21,56
53,22,32
53,23,40
53,24,36
53,25,52
53,26,60
53,27,44
53,28,48
53,29,56
53,30,56
53,31,32
53,32,24
53,33,16
53,34,24
53,35,32
53,36,8
53,37,8
53,38,8
53,39,8
54,0,28
54,1,12
54,2,12
54,3,12
54,4,24
54,5,20
54,6,12
54,7,32
54,8,24
54,9,36
54,10,28
54,11,44
54,12,116
54,13,112
54,14,64
54,15,84
54,16,120
54,17,100
54,18,96
54,19,96
54,20,72
54,21,44
54,22,44
54,23,60
54,24,52
54,25,52
54,26,80
54,27,28
54,28,60
54,29,60
54,30,56
54,31,28
54,32,36
54,33,16
54,34,12
54,35,20
54,36,24
54,37,4
54,38,16
54,39,16
55,0,12
55,1,32
55,2,24
55,3,16
55,4,32
55,5,44
55,6,28
55,7,28
55,8,16
55,9,36
55,10,56
55,11,52
55,12,44
55,13,72
55,14,64
55,15,76
55,16,124
55,17,112
55,18,96
55,19,144
55,20,120
55,21,60
55,22,48
55,23,76
55,24,76
55,25,72
55,26,76
55,27,64
55,28,56
55,29,60
55,30,28
55,31,44
55,32,36
55,33,4
55,34,12
55,35,24
55,36,24
55,37,12
55,38,36
55,39,20
56,0,20
56,1,12
56,2,40
56,3,20
56,4,20
56,5,16
56,6,52
56,7,32
56,8,40
56,9,64
56,10,52
56,11,56
56,12,40
56,13,68
56,14,84
56,15,128
56,16,64
56,17,120
56,18,108
56,19,96
56,20,72
56,21,88
56,22,68
56,23,116
56,24,72
56,25,92
56,26,60
56,27,60
56,28,32
56,29,60
56,30,28
56,31,28
56,32,24
56,33,20
56,34,28
56,35,28
56,36,24
56,37,16
56,38,16
56,39,12
57,0,12
57,1,16
57,2,24
57,3,24
57,4,32
57,5,32
57,6,40
57,7,44
57,8,48
57,9,48
57,10,32
57,11,60
57,12,72
57,13,100
57,14,100
57,15,88
57,16,132
57,17,176
57,18,156
57,19,116
57,20,116
57,21,116
57,22,104
57,23,108
57,24,160
57,25,72
57,26,52
57,27,72
57,28,64
57,29,56
57,30,28
57,31,32
57,32,20
57,33,28
57,34,28
57,35,40
57,36,36
57,37,16
57,38,24
57,39,12
58,0,24
58,1,24
58,2,12
58,3,16
58,4,28
58,5,20
58,6,24
58,7,68
58,8,48
58,9,36
58,10,48
58,11,48
58,12,64
58,13,100
58,14,92
58,15,120
58,16,104
58,17,156
58,18,184
58,19,132
58,20,108
58,21,72
58,22,104
58,23,100
58,24,104
58,25,100
58,26,96
58,27,68
58,28,48
58,29,56
58,30,40
58,31,32
58,32,48
58,33,12
58,34,16
58,35,36
58,36,16
58,37,16
58,38,28
58,39,16
59,0,24
59,1,36
59,2,20
59,3,36
59,4,32
59,5,40
59,6,36
59,7,72
59,8,52
59,9,68
59,10,40
59,11,36
59,12,88
59,13,76
59,14,100
59,15,116
59,16,152
59,17,96
59,18,196
59,19,156
59,20,104
59,21,144
59,22,132
59,23,116
59,24,132
59,25,56
59,26,80
59,27,44
59,28,76
59,29,44
59,30,44
59,31,28
59,32,40
59,33,32
59,34,20
59,35,12
59,36,20
59,37,16
59,38,8
59,39,24
60,0,12
60,1,12
60,2,24
60,3,20
60,4,28
60,5,28
60,6,28
60,7,28
60,8,72
60,9,64
60,10,80
60,11,100
60,12,64
60,13,100
60,14,136
60,15,136
60,16,144
60,17,148
60,18,164
60,19,148
60,20,140
60,21,164
60,22,124
60,23,108
60,24,100
60,25,64
60,26,72
60,27,32
60,28,60
60,29,48
60,30,56
60,31,32
60,32,40
60,33,28
60,34,52
60,35,28
60,36,24
60,37,24
60,38,20
60,39,20
61,0,20
61,1,40
61,2,36
61,3,24
61,4,44
61,5,28
61,6,36
61,7,56
61,8,64
61,9,92
61,10,92
61,11,116
61,12,76
61,13,80
61,14,76
61,15,156
61,16,204
61,17,160
61,18,252
61,19,192
61,20,212
61,21,144
61,22,144
61,23,56
61,24,108
61,25,112
61,26,92
61,27,96
61,28,52
61,29,40
61,30,52
61,31,16
61,32,60
61,33,32
61,34,12
61,35,24
61,36,16
61,37,28
61,38,28
61,39,28
62,0,20
62,1,16
62,2,20
62,3,36
62,4,24
62,5,36
62,6,32
62,7,52
62,8,52
62,9,108
62,10,60
62,11,68
62,12,112
62,13,108
62,14,136
62,15,128
62,16,148
62,17,152
62,18,156
62,19,224
62,20,124
62,21,120
62,22,128
62,23,124
62,24,100
62,25,76
62,26,112
62,27,68
62,28,76
62,29,40
62,30,40
62,31,36
62,32,32
62,33,28
62,34,44
62,35,24
62,36,16
62,37,24
62,38,32
62,39,16
63,0,24
63,1,12
63,2,36
63,3,56
63,4,36
63,5,16
63,6,40
63,7,28
63,8,52
63,9,72
63,10,20
63,11,80
63,12,84
63,13,76
63,14,144
63,15,120
63,16,104
63,17,124
63,18,156
63,19,176
63,20,116
63,21,144
63,22,144
63,23,104
63,24,112
63,25,72
63,26,64
63,27,52
63,28,64
63,29,92
63,30,44
63,31,56
63,32,44
63,33,20
63,34,48
63,35,24
63,36,32
63,37,28
63,38,20
63,39,36
64,0,60
64,1,32
64,2,32
64,3,24
64,4,44
64,5,52
64,6,20
64,7,36
64,8,52
64,9,88
64,10,72
64,11,60
64,12,52
64,13,84
64,14,148
64,15,156
64,16,140
64,17,208
64,18,212
64,19,216
64,20,144
64,21,116
64,22,112
64,23,148
64,24,112
64,25,84
64,26,68
64,27,76
64,28,48
64,29,84
64,30,52
64,31,56
64,32,48
64,33,48
64,34,16
64,35,20
64,36,16
64,37,20
64,38,12
64,39,16
65,0,24
65,1,24
65,2,44
65,3,44
65,4,36
65,5,24
65,6,68
65,7,76
65,8,60
65,9,52
65,10,88
65,11,52
65,12,72
65,13,60
65,14,160
65,15,124
65,16,140
65,17,204
65,18,252
65,19,132
65,20,176
65,21,140
65,22,136
65,23,164
65,24,100
65,25,80
65,26,52
65,27,60
65,28,60
65,29,36
65,30,48
65,31,44
65,32,32
65,33,32
65,34,20
65,35,40
65,36,36
65,37,12
65,38,12
65,39,16
66,0,28
66,1,12
66,2,24
66,3,36
66,4,56
66,5,40
66,6,52
66,7,60
66,8,24
66,9,44
66,10,56
66,11,80
66,12,52
66,13,96
66,14,140
66,15,128
66,16,180
66,17,204
66,18,152
66,19,156
66,20,184
66,21,124
66,22,136
66,23,92
66,24,96
66,25,132
66,26,100
66,27,100
66,28,76
66,29,68
66,30,48
66,31,32
66,32,56
66,33,52
66,34,28
66,35,40
66,36,28
66,37,32
66,38,20
66,39,16
67,0,8
67,1,44
67,2,24
67,3,20
67,4,28
67,5,64
67,6,48
67,7,60
67,8,52
67,9,56
67,10,60
67,11,80
67,12,88
67,13,104
67,14,140
67,15,152
67,16,112
67,17,184
67,18,176
67,19,128
67,20,196
67,21,160
67,22,136
67,23,92
67,24,132
67,25,140
67,26,84
67,27,52
67,28,68
67,29,48
67,30,60
67,31,32
67,32,44
67,33,36
67,34,32
67,35,40
67,36,16
67,37,16
67,38,12
67,39,20
68,0,36
68,1,36
68,2,44
68,3,20
68,4,16
68,5,40
68,6,48
68,7,60
68,8,56
68,9,44
68,10,40
68,11,68
68,12,72
68,13,100
68,14,172
68,15,176
68,16,144
68,17,280
68,18,172
68,19,204
68,20,188
68,21,176
68,22,164
68,23,144
68,24,116
68,25,116
68,26,96
68,27,68
68,28,84
68,29,64
68,30,40
68,31,16
68,32,28
68,33,32
68,34,40
68,35,36
68,36,16
68,37,24
68,38,16
68,39,12
69,0,20
69,1,24
69,2,28
69,3,44
69,4,16
69,5,40
69,6,28
69,7,20
69,8,40
69,9,76
69,10,52
69,11,92
69,12,104
69,13,132
69,14,148
69,15,204
69,16,184
69,17,200
69,18,176
69,19,204
69,20,228
69,21,204
69,22,248
69,23,120
69,24,204
69,25,104
69,26,124
69,27,88
69,28,68
69,29,80
69,30,60
69,31,56
69,32,40
69,33,36
69,34,36
69,35,40
69,36,36
69,37,24
69,38,20
69,39,16
70,0,20
70,1,24
70,2,36
70,3,36
70,4,36
70,5,28
70,6,24
70,7,40
70,8,44
70,9,60
70,10,60
70,11,112
70,12,104
70,13,128
70,14,156
70,15,188
70,16,136
70,17,180
70,18,164
70,19,212
70,20,248
70,21,228
70,22,172
70,23,148
70,24,124
70,25,104
70,26,80
70,27,68
70,28,96
70,29,64
70,30,60
70,31,68
70,32,72
70,33,40
70,34,52
70,35,32
70,36,32
70,37,16
70,38,16
70,39,4
71,0,24
71,1,24
71,2,28
71,3,40
71,4,80
71,5,40
71,6,52
71,7,48
71,8,60
71,9,88
71,10,76
71,11,108
71,12,100
71,13,140
71,14,124
71,15,180
71,16,204
71,17,128
71,18,188
71,19,236
71,20,232
71,21,204
71,22,176
71,23,192
71,24,176
71,25,148
71,26,164
71,27,100
71,28,64
71,29,56
71,30,72
71,31,48
71,32,52
71,33,56
71,34,40
71,35,16
71,36,16
71,37,28
71,38,24
71,39,20
72,0,16
72,1,20
72,2,12
72,3,48
72,4,48
72,5,44
72,6,48
72,7,60
72,8,60
72,9,68
72,10,60
72,11,64
72,12,92
72,13,132
72,14,96
72,15,100
72,16,128
72,17,248
72,18,192
72,19,196
72,20,168
72,21,160
72,22,216
72,23,204
72,24,188
72,25,128
72,26,120
72,27,96
72,28,80
72,29,64
72,30,60
72,31,56
72,32,40
72,33,32
72,34,44
72,35,24
72,36,16
72,37,20
72,38,16
72,39,4
73,0,28
73,1,40
73,2,52
73,3,16
73,4,28
73,5,64
73,6,60
73,7,32
73,8,72
73,9,68
73,10,80
73,11,88
73,12,100
73,13,124
73,14,116
73,15,132
73,16,140
73,17,152
73,18,176
73,19,220
73,20,136
73,21,180
73,22,176
73,23,212
73,24,172
73,25,116
73,26,124
73,27,100
73,28,96
73,29,52
73,30,52
73,31,52
73,32,28
73,33,36
73,34,16
73,35,40
73,36,12
73,37,28
73,38,4
73,39,16
74,0,20
74,1,36
74,2,48
74,3,48
74,4,44
74,5,40
74,6,52
74,7,80
74,8,68
74,9,112
74,10,132
74,11,88
74,12,120
74,13,104
74,14,100
74,15,128
74,16,152
74,17,200
74,18,148
74,19,204
74,20,168
74,21,164
74,22,180
74,23,156
74,24,132
74,25,92
74,26,116
74,27,60
74,28,68
74,29,64
74,30,52
74,31,20
74,32,36
74,33,20
74,34,28
74,35,36
74,36,24
74,37,16
74,38,24
74,39,20
75,0,32
75,1,44
75,2,28
75,3,24
75,4,24
75,5,44
75,6,64
75,7,80
75,8,52
75,9,76
75,10,84
75,11,100
75,12,128
75,13,112
75,14,88
75,15,100
75,16,120
75,17,192
75,18,200
75,19,184
75,20,192
75,21,172
75,22,176
75,23,140
75,24,120
75,25,84
75,26,88
75,27,80
75,28,84
75,29,44
75,30,48
75,31,36
75,32,32
75,33,40
75,34,24
75,35,32
75,36,32
75,37,28
75,38,24
75,39,20
76,0,28
76,1,16
76,2,28
76,3,48
76,4,48
76,5,52
76,6,68
76,7,72
76,8,64
76,9,120
76,10,84
76,11,48
76,12,92
76,13,92
76,14,184
76,15,148
76,16,176
76,17,228
76,18,184
76,19,224
76,20,240
76,21,224
76,22,172
76,23,96
76,24,180
76,25,120
76,26,80
76,27,116
76,28,56
76,29,68
76,30,32
76,31,32
76,32,40
76,33,20
76,34,36
76,35,36
76,36,56
76,37,16
76,38,36
76,39,24
77,0,28
77,1,32
77,2,24
77,3,32
77,4,28
77,5,40
77,6,52
77,7,60
77,8,108
77,9,84
77,10,96
77,11,68
77,12,68
77,13,84
77,14,96
77,15,132
77,16,196
77,17,276
77,18,224
77,19,140
77,20,224
77,21,152
77,22,180
77,23,140
77,24,128
77,25,180
77,26,156
77,27,64
77,28,44
77,29,68
77,30,68
77,31,48
77,32,36
77,33,32
77,34,20
77,35,24
77,36,24
77,37,12
77,38,24
77,39,36
78,0,20
78,1,12
78,2,20
78,3,28
78,4,60
78,5,40
78,6,44
78,7,64
78,8,68
78,9,116
78,10,92
78,11,100
78,12,56
78,13,112
78,14,88
78,15,152
78,16,156
78,17,224
78,18,208
78,19,188
78,20,228
78,21,176
78,22,196
78,23,160
78,24,60
78,25,76
78,26,92
78,27,56
78,28,56
78,29,40
78,30,68
78,31,64
78,32,48
78,33,36
78,34,32
78,35,16
78,36,40
78,37,36
78,38,24
78,39,48
79,0,16
79,1,24
79,2,8
79,3,28
79,4,20
79,5,48
79,6,80
79,7,52
79,8,44
79,9,72
79,10,72
79,11,84
79,12,136
79,13,100
79,14,112
79,15,156
79,16,212
79,17,196
79,18,248
79,19,156
79,20,216
79,21,168
79,22,176
79,23,128
79,24,128
79,25,96
79,26,80
79,27,48
79,28,92
79,29,84
79,30,68
79,31,36
79,32,48
79,33,28
79,34,44
79,35,36
79,36,36
79,37,36
79,38,36
79,39,24
80,0,16
80,1,28
80,2,52
80,3,16
80,4,28
80,5,44
80,6,56
80,7,44
80,8,68
80,9,56
80,10,84
80,11,88
80,12,92
80,13,80
80,14,100
80,15,180
80,16,224
80,17,196
80,18,228
80,19,200
80,20,128
80,21,180
80,22,204
80,23,108
80,24,80
80,25,80
80,26,104
80,27,108
80,28,96
80,29,76
80,30,64
80,31,40
80,32,32
80,33,44
80,34,12
80,35,36
80,36,28
80,37,44
80,38,20
80,39,24
81,0,16
81,1,8
81,2,28
81,3,24
81,4,16
81,5,56
81,6,24
81,7,40
81,8,68
81,9,52
81,10,76
81,11,96
81,12,84
81,13,104
81,14,144
81,15,232
81,16,236
81,17,148
81,18,252
81,19,216
81,20,192
81,21,108
81,22,164
81,23,92
81,24,76
81,25,88
81,26,104
81,27,104
81,28,80
81,29,88
81,30,56
81,31,44
81,32,24
81,33,36
81,34,64
81,35,32
81,36,24
81,37,32
81,38,28
81,39,20
82,0,32
82,1,12
82,2,24
82,3,20
82,4,56
82,5,36
82,6,32
82,7,52
82,8,48
82,9,44
82,10,52
82,11,80
82,12,84
82,13,120
82,14,148
82,15,120
82,16,160
82,17,152
82,18,208
82,19,216
82,20,144
82,21,136
82,22,124
82,23,236
82,24,96
82,25,144
82,26,88
82,27,112
82,28,64
82,29,40
82,30,48
82,31,64
82,32,64
82,33,44
82,34,44
82,35,36
82,36,40
82,37,32
82,38,28
82,39,16
83,0,48
83,1,20
83,2,36
83,3,40
83,4,44
83,5,48
83,6,56
83,7,44
83,8,48
83,9,32
83,10,96
83,11,84
83,12,92
83,13,128
83,14,164
83,15,176
83,16,140
83,17,180
83,18,196
83,19,172
83,20,184
83,21,96
83,22,132
83,23,140
83,24,112
83,25,92
83,26,84
83,27,100
83,28,72
83,29,72
83,30,36
83,31,68
83,32,52
83,33,40
83,34,44
83,35,16
83,36,24
83,37,44
83,38,16
83,39,28
84,0,32
84,1,28
84,2,64
84,3,48
84,4,44
84,5,48
84,6,32
84,7,40
84,8,48
84,9,84
84,10,80
84,11,112
84,12,100
84,13,132
84,14,104
84,15,120
84,16,116
84,17,156
84,18,212
84,19,212
84,20,136
84,21,120
84,22,92
84,23,136
84,24,96
84,25,112
84,26,84
84,27,104
84,28,100
84,29,64
84,30,56
84,31,48
84,32,80
84,33,48
84,34,20
84,35,36
84,36,32
84,37,32
84,38,32
84,39,32
85,0,28
85,1,28
85,2,24
85,3,44
85,4,40
85,5,48
85,6,44
85,7,60
85,8,76
85,9,60
85,10,84
85,11,96
85,12,84
85,13,140
85,14,136
85,15,156
85,16,184
85,17,168
85,18,220
85,19,160
85,20,168
85,21,108
85,22,144
85,23,120
85,24,76
85,25,64
85,26,68
85,27,64
85,28,80
85,29,44
85,30,68
85,31,68
85,32,40
85,33,44
85,34,24
85,35,52
85,36,28
85,37,16
85,38,20
85,39,20
86,0,40
86,1,52
86,2,36
86,3,52
86,4,40
86,5,52
86,6,36
86,7,52
86,8,56
86,9,92
86,10,80
86,11,84
86,12,108
86,13,80
86,14,100
86,15,156
86,16,156
86,17,136
86,18,200
86,19,164
86,20,128
86,21,148
86,22,116
86,23,96
86,24,68
86,25,88
86,26,84
86,27,60
86,28,96
86,29,36
86,30,48
86,31,48
86,32,64
86,33,44
86,34,24
86,35,32
86,36,36
86,37,8
86,38,16
86,39,20
87,0,28
87,1,40
87,2,32
87,3,32
87,4,28
87,5,28
87,6,32
87,7,72
87,8,36
87,9,40
87,10,52
87,11,80
87,12,84
87,13,84
87,14,72
87,15,108
87,16,160
87,17,144
87,18,188
87,19,148
87,20,168
87,21,164
87,22,128
87,23,120
87,24,128
87,25,52
87,26,80
87,27,64
87,28,44
87,29,64
87,30,32
87,31,24
87,32,36
87,33,36
87,34,32
87,35,32
87,36,28
87,37,20
87,38,8
87,39,16
88,0,20
88,1,28
88,2,28
88,3,44
88,4,44
88,5,24
88,6,28
88,7,36
88,8,44
88,9,24
88,10,60
88,11,64
88,12,44
88,13,112
88,14,132
88,15,120
88,16,116
88,17,180
88,18,196
88,19,112
88,20,156
88,21,188
88,22,116
88,23,108
88,24,128
88,25,80
88,26,88
88,27,76
88,28,72
88,29,68
88,30,64
88,31,56
88,32,52
88,33,32
88,34,44
88,35,36
88,36,32
88,37,44
88,38,28
88,39,36
89,0,32
89,1,16
89,2,28
89,3,32
89,4,32
89,5,44
89,6,24
89,7,56
89,8,40
89,9,68
89,10,84
89,11,68
89,12,80
89,13,96
89,14,96
89,15,124
89,16,140
89,17,196
89,18,192
89,19,224
89,20,252
89,21,236
89,22,136
89,23,112
89,24,48
89,25,92
89,26,76
89,27,76
89,28,48
89,29,32
89,30,44
89,31,40
89,32,20
89,33,40
89,34,28
89,35,16
89,36,20
89,37,12
89,38,8
89,39,12
90,0,16
90,1,16
90,2,4
90,3,16
90,4,20
90,5,20
90,6,20
90,7,32
90,8,56
90,9,44
90,10,60
90,11,52
90,12,76
90,13,84
90,14,108
90,15,108
90,16,136
90,17,184
90,18,132
90,19,136
90,20,180
90,21,148
90,22,152
90,23,148
90,24,76
90,25,124
90,26,100
90,27,84
90,28,48
90,29,40
90,30,44
90,31,44
90,32,32
90,33,44
90,34,36
90,35,20
90,36,12
90,37,16
90,38,16
90,39,8
91,0,20
91,1,16
91,2,8
91,3,24
91,4,16
91,5,44
91,6,36
91,7,24
91,8,52
91,9,32
91,10,64
91,11,52
91,12,72
91,13,80
91,14,100
91,15,116
91,16,144
91,17,180
91,18,108
91,19,124
91,20,180
91,21,136
91,22,84
91,23,80
91,24,112
91,25,100
91,26,112
91,27,96
91,28,56
91,29,44
91,30,28
91,31,32
91,32,36
91,33,12
91,34,16
91,35,36
91,36,24
91,37,12
91,38,12
91,39,24
92,0,12
92,1,16
92,2,16
92,3,24
92,4,32
92,5,40
92,6,56
92,7,36
92,8,32
92,9,32
92,10,52
92,11,60
92,12,32
92,13,88
92,14,144
92,15,128
92,16,152
92,17,220
92,18,176
92,19,152
92,20,164
92,21,100
92,22,140
92,23,100
92,24,104
92,25,104
92,26,76
92,27,60
92,28,60
92,29,40
92,30,48
92,31,28
92,32,24
92,33,16
92,34,16
92,35,24
92,36,20
92,37,16
92,38,20
92,39,32
93,0,16
93,1,28
93,2,28
93,3,32
93,4,24
93,5,24
93,6,28
93,7,60
93,8,32
93,9,40
93,10,16
93,11,48
93,12,64
93,13,92
93,14,80
93,15,112
93,16,132
93,17,240
93,18,120
93,19,116
93,20,136
93,21,108
93,22,116
93,23,92
93,24,96
93,25,76
93,26,60
93,27,52
93,28,40
93,29,72
93,30,44
93,31,36
93,32,36
93,33,44
93,34,12
93,35,28
93,36,24
93,37,32
93,38,36
93,39,16
94,0,24
94,1,16
94,2,20
94,3,24
94,4,36
94,5,40
94,6,36
94,7,36
94,8,52
94,9,28
94,10,56
94,11,44
94,12,52
94,13,104
94,14,52
94,15,104
94,16,124
94,17,168
94,18,148
94,19,136
94,20,144
94,21,180
94,22,124
94,23,132
94,24,160
94,25,76
94,26,64
94,27,76
94,28,56
94,29,56
94,30,20
94,31,28
94,32,36
94,33,24
94,34,28
94,35,52
94,36,24
94,37,20
94,38,24
94,39,20
95,0,32
95,1,20
95,2,16
95,3,28
95,4,24
95,5,28
95,6,40
95,7,48
95,8,44
95,9,28
95,10,72
95,11,56
95,12,68
95,13,72
95,14,112
95,15,112
95,16,108
95,17,140
95,18,152
95,19,232
95,20,224
95,21,132
95,22,144
95,23,104
95,24,92
95,25,92
95,26,68
95,27,60
95,28,52
95,29,28
95,30,76
95,31,36
95,32,56
95,33,48
95,34,44
95,35,36
95,36,32
95,37,44
95,38,12
95,39,28
96,0,16
96,1,36
96,2,20
96,3,20
96,4,20
96,5,28
96,6,44
96,7,20
96,8,44
96,9,36
96,10,48
96,11,64
96,12,68
96,13,60
96,14,104
96,15,128
96,16,124
96,17,124
96,18,156
96,19,176
96,20,156
96,21,152
96,22,100
96,23,96
96,24,132
96,25,88
96,26,72
96,27,20
96,28,72
96,29,64
96,30,44
96,31,32
96,32,24
96,33,36
96,34,24
96,35,36
96,36,28
96,37,16
96,38,20
96,39,4
97,0,28
97,1,20
97,2,8
97,3,24
97,4,20
97,5,8
97,6,32
97,7,56
97,8,32
97,9,60
97,10,40
97,11,72
97,12,60
97,13,112
97,14,104
97,15,152
97,16,100
97,17,172
97,18,192
97,19,156
97,20,176
97,21,160
97,22,140
97,23,96
97,24,140
97,25,112
97,26,64
97,27,64
97,28,44
97,29,48
97,30,44
97,31,48
97,32,12
97,33,16
97,34,24
97,35,20
97,36,16
97,37,28
97,38,16
97,39,24
98,0,20
98,1,28
98,2,36
98,3,28
98,4,28
98,5,40
98,6,36
98,7,48
98,8,40
98,9,48
98,10,28
98,11,48
98,12,48
98,13,92
98,14,96
98,15,108
98,16,128
98,17,204
98,18,132
98,19,176
98,20,108
98,21,132
98,22,120
98,23,104
98,24,100
98,25,52
98,26,64
98,27,40
98,28,48
98,29,40
98,30,36
98,31,28
98,32,32
98,33,32
98,34,24
98,35,12
98,36,12
98,37,16
98,38,12
98,39,12
99,0,8
99,1,12
99,2,16
99,3,12
99,4,24
99,5,24
99,6,12
99,7,16
99,8,60
99,9,60
99,10,68
99,11,64
99,12,84
99,13,64
99,14,136
99,15,156
99,16,164
99,17,236
99,18,244
99,19,112
99,20,116
99,21,124
99,22,124
99,23,96
99,24,72
99,25,52
99,26,36
99,27,48
99,28,28
99,29,60
99,30,24
99,31,44
99,32,32
99,33,24
99,34,28
99,35,12
99,36,12
99,37,12
99,38,24
99,39,16
100,0,12
100,1,20
100,2,8
100,3,28
100,4,36
100,5,28
100,6,12
100,7,8
100,8,28
100,9,56
100,10,48
100,11,72
100,12,72
100,13,76
100,14,92
100,15,132
100,16,160
100,17,160
100,18,128
100,19,144
100,20,128
100,21,164
100,22,116
100,23,88
100,24,92
100,25,100
100,26,64
100,27,72
100,28,64
100,29,44
100,30,44
100,31,44
100,32,52
100,33,40
100,34,16
100,35,16
100,36,16
100,37,12
100,38,24
100,39,8
101,0,16
101,1,24
101,2,20
101,3,44
101,4,16
101,5,28
101,6,28
101,7,28
101,8,48
101,9,40
101,10,60
101,11,56
101,12,64
101,13,80
101,14,104
101,15,148
101,16,88
101,17,132
101,18,196
101,19,156
101,20,172
101,21,148
101,22,116
101,23,76
101,24,128
101,25,52
101,26,64
101,27,64
101,28,56
101,29,32
101,30,36
101,31,52
101,32,40
101,33,24
101,34,20
101,35,44
101,36,32
101,37,20
101,38,24
101,39,12
102,0,12
102,1,16
102,2,24
102,3,16
102,4,8
102,5,20
102,6,24
102,7,32
102,8,32
102,9,56
102,10,52
102,11,40
102,12,76
102,13,100
102,14,128
102,15,148
102,16,100
102,17,124
102,18,164
102,19,160
102,20,204
102,21,124
102,22,132
102,23,188
102,24,88
102,25,60
102,26,60
102,27,56
102,28,52
102,29,40
102,30,56
102,31,28
102,32,24
102,33,16
102,34,24
102,35,20
102,36,16
102,37,28
102,38,20
102,39,16
103,0,8
103,1,20
103,2,16
103,3,20
103,4,36
103,5,24
103,6,36
103,7,48
103,8,32
103,9,40
103,10,48
103,11,108
103,12,92
103,13,80
103,14,140
103,15,72
103,16,124
103,17,112
103,18,100
103,19,128
103,20,172
103,21,188
103,22,112
103,23,88
103,24,124
103,25,72
103,26,40
103,27,52
103,28,64
103,29,56
103,30,40
103,31,76
103,32,52
103,33,24
103,34,24
103,35,16
103,36,12
103,37,12
103,38,28
103,39,12
104,0,32
104,1,8
104,2,28
104,3,24
104,4,16
104,5,20
104,6,60
104,7,32
104,8,60
104,9,52
104,10,48
104,11,44
104,12,80
104,13,72
104,14,80
104,15,80
104,16,128
104,17,148
104,18,168
104,19,196
104,20,192
104,21,192
104,22,112
104,23,104
104,24,44
104,25,52
104,26,60
104,27,20
104,28,60
104,29,60
104,30,48
104,31,8
104,32,40
104,33,36
104,34,24
104,35,44
104,36,28
104,37,8
104,38,20
104,39,12
105,0,20
105,1,24
105,2,24
105,3,16
105,4,52
105,5,44
105,6,44
105,7,56
105,8,68
105,9,56
105,10,52
105,11,36
105,12,60
105,13,92
105,14,108
105,15,84
105,16,120
105,17,88
105,18,132
105,19,164
105,20,144
105,21,156
105,22,132
105,23,104
105,24,56
105,25,88
105,26,56
105,27,68
105,28,40
105,29,44
105,30,16
105,31,28
105,32,48
105,33,32
105,34,16
105,35,36
105,36,32
105,37,28
105,38,16
105,39,12
106,0,24
106,1,24
106,2,44
106,3,36
106,4,24
106,5,52
106,6,48
106,7,52
106,8,32
106,9,24
106,10,64
106,11,96
106,12,88
106,13,64
106,14,76
106,15,76
106,16,108
106,17,160
106,18,120
106,19,180
106,20,136
106,21,148
106,22,92
106,23,88
106,24,112
106,25,72
106,26,44
106,27,28
106,28,40
106,29,48
106,30,40
106,31,36
106,32,20
106,33,40
106,34,44
106,35,24
106,36,32
106,37,20
106,38,44
106,39,24
107,0,28
107,1,8
107,2,16
107,3,20
107,4,24
107,5,16
107,6,36
107,7,32
107,8,40
107,9,36
107,10,52
107,11,64
107,12,56
107,13,80
107,14,88
107,15,88
107,16,96
107,17,148
107,18,172
107,19,176
107,20,168
107,21,264
107,22,132
107,23,112
107,24,100
107,25,76
107,26,64
107,27,40
107,28,28
107,29,36
107,30,32
107,31,32
107,32,24
107,33,36
107,34,32
107,35,16
107,36,8
107,37,20
107,38,20
107,39,24
108,0,28
108,1,24
108,2,32
108,3,16
108,4,32
108,5,48
108,6,36
108,7,32
108,8,36
108,9,68
108,10,96
108,11,20
108,12,40
108,13,52
108,14,60
108,15,96
108,16,100
108,17,172
108,18,192
108,19,188
108,20,204
108,21,140
108,22,88
108,23,128
108,24,92
108,25,72
108,26,68
108,27,60
108,28,48
108,29,40
108,30,40
108,31,56
108,32,28
108,33,12
108,34,28
108,35,20
108,36,24
108,37,20
108,38,24
108,39,36
109,0,20
109,1,20
109,2,16
109,3,32
109,4,20
109,5,28
109,6,28
109,7,44
109,8,60
109,9,52
109,10,52
109,11,40
109,12,40
109,13,56
109,14,68
109,15,68
109,16,108
109,17,128
109,18,192
109,19,108
109,20,240
109,21,200
109,22,136
109,23,136
109,24,112
109,25,76
109,26,44
109,27,52
109,28,32
109,29,44
109,30,32
109,31,44
109,32,24
109,33,28
109,34,12
109,35,48
109,36,28
109,37,12
109,38,12
109,39,16
110,0,16
110,1,32
110,2,44
110,3,20
110,4,24
110,5,48
110,6,24
110,7,32
110,8,28
110,9,40
110,10,48
110,11,36
110,12,48
110,13,56
110,14,52
110,15,68
110,16,108
110,17,120
110,18,148
110,19,220
110,20,208
110,21,148
110,22,136
110,23,144
110,24,44
110,25,56
110,26,32
110,27,72
110,28,32
110,29,24
110,30,32
110,31,16
110,32,20
110,33,12
110,34,20
110,35,24
110,36,16
110,37,20
110,38,20
110,39,20
111,0,16
111,1,32
111,2,12
111,3,16
111,4,36
111,5,36
111,6,32
111,7,12
111,8,36
111,9,52
111,10,32
111,11,60
111,12,40
111,13,60
111,14,72
111,15,76
111,16,84
111,17,140
111,18,180
111,19,192
111,20,148
111,21,172
111,22,144
111,23,64
111,24,100
111,25,72
111,26,36
111,27,40
111,28,24
111,29,32
111,30,20
111,31,8
111,32,24
111,33,8
111,34,20
111,35,32
111,36,8
111,37,12
111,38,20
111,39,24
112,0,36
112,1,28
112,2,16
112,3,16
112,4,24
112,5,36
112,6,20
112,7,36
112,8,28
112,9,52
112,10,28
112,11,24
112,12,52
112,13,68
112,14,52
112,15,52
112,16,132
112,17,136
112,18,176
112,19,132
112,20,236
112,21,168
112,22,120
112,23,96
112,24,56
112,25,68
112,26,52
112,27,44
112,28,40
112,29,16
112,30,28
112,31,40
112,32,20
112,33,20
112,34,20
112,35,12
112,36,20
112,37,16
112,38,8
112,39,8
113,0,20
113,1,24
113,2,24
113,3,36
113,4,8
113,5,28
113,6,28
113,7,16
113,8,48
113,9,20
113,10,12
113,11,56
113,12,40
113,13,52
113,14,80
113,15,104
113,16,144
113,17,120
113,18,136
113,19,132
113,20,260
113,21,208
113,22,120
113,23,80
113,24,60
113,25,64
113,26,60
113,27,60
113,28,64
113,29,32
113,30,20
113,31,36
113,32,28
113,33,24
113,34,16
113,35,28
113,36,20
113,37,12
113,38,12
113,39,12
114,0,16
114,1,28
114,2,24
114,3,16
114,4,40
114,5,24
114,6,24
114,7,36
114,8,48
114,9,56
114,10,56
114,11,44
114,12,32
114,13,80
114,14,72
114,15,100
114,16,116
114,17,128
114,18,112
114,19,120
114,20,140
114,21,168
114,22,132
114,23,76
114,24,40
114,25,80
114,26,48
114,27,52
114,28,52
114,29,56
114,30,24
114,31,20
114,32,28
114,33,40
114,34,48
114,35,16
114,36,4
114,37,32
114,38,12
114,39,12
115,0,20
115,1,20
115,2,32
115,3,20
115,4,8
115,5,24
115,6,24
115,7,32
115,8,36
115,9,32
115,10,36
115,11,44
115,12,28
115,13,72
115,14,72
115,15,84
115,16,108
115,17,112
115,18,136
115,19,156
115,20,204
115,21,148
115,22,136
115,23,56
115,24,68
115,25,64
115,26,52
115,27,44
115,28,76
115,29,48
115,30,56
115,31,24
115,32,28
115,33,8
115,34,20
115,35,32
115,36,32
115,37,16
115,38,28
115,39,4
116,0,28
116,1,24
116,2,8
116,3,20
116,4,24
116,5,20
116,6,24
116,7,36
116,8,48
116,9,16
116,10,24
116,11,28
116,12,36
116,13,52
116,14,60
116,15,92
116,16,108
116,17,128
116,18,136
116,19,124
116,20,144
116,21,100
116,22,84
116,23,88
116,24,56
116,25,52
116,26,84
116,27,36
116,28,48
116,29,48
116,30,36
116,31,44
116,32,32
116,33,20
116,34,24
116,35,16
116,36,16
116,37,20
116,38,8
116,39,20
117,0,12
117,1,12
117,2,16
117,3,8
117,4,28
117,5,24
117,6,12
117,7,36
117,8,48
117,9,36
117,10,28
117,11,32
117,12,64
117,13,84
117,14,52
117,15,92
117,16,84
117,17,164
117,18,128
117,19,132
117,20,160
117,21,80
117,22,60
117,23,60
117,24,56
117,25,64
117,26,72
117,27,76
117,28,68
117,29,40
117,30,48
117,31,40
117,32,12
117,33,16
117,34,28
117,35,24
117,36,24
117,37,16
117,38,24
117,39,8
118,0,16
118,1,8
118,2,16
118,3,24
118,4,0
118,5,16
118,6,24
118,7,28
118,8,36
118,9,68
118,10,52
118,11,64
118,12,56
118,13,84
118,14,72
118,15,92
118,16,100
118,17,68
118,18,104
118,19,176
118,20,196
118,21,108
118,22,104
118,23,80
118,24,84
118,25,36
118,26,40
118,27,52
118,28,32
118,29,12
118,30,20
118,31,28
118,32,44
118,33,12
118,34,24
118,35,20
118,36,8
118,37,16
118,38,16
118,39,16
119,0,16
119,1,8
119,2,24
119,3,24
119,4,12
119,5,16
119,6,20
119,7,16
119,8,32
119,9,20
119,10,56
119,11,32
119,12,20
119,13,52
119,14,116
119,15,92
119,16,96
119,17,64
119,18,68
119,19,160
119,20,156
119,21,92
119,22,76
119,23,44
119,24,52
119,25,68
119,26,76
119,27,44
119,28,36
119,29,32
119,30,36
119,31,20
119,32,20
119,33,20
119,34,16
119,35,12
119,36,8
119,37,8
119,38,24
119,39,16
120,0,12
120,1,36
120,2,24
120,3,16
120,4,28
120,5,36
120,6,24
120,7,28
120,8,28
120,9,24
120,10,24
120,11,56
120,12,72
120,13,68
120,14,100
120,15,80
120,16,72
120,17,84
120,18,132
120,19,148
120,20,208
120,21,148
120,22,60
120,23,48
120,24,56
120,25,56
120,26,44
120,27,20
120,28,12
120,29,44
120,30,20
120,31,20
120,32,16
120,33,24
120,34,16
120,35,12
120,36,8
120,37,4
120,38,8
120,39,12
121,0,12
121,1,16
121,2,4
121,3,16
121,4,16
121,5,12
121,6,28
121,7,12
121,8,20
121,9,32
121,10,12
121,11,48
121,12,28
121,13,56
121,14,48
121,15,64
121,16,96
121,17,128
121,18,112
121,19,180
121,20,224
121,21,144
121,22,64
121,23,48
121,24,40
121,25,48
121,26,52
121,27,32
121,28,32
121,29,36
121,30,36
121,31,36
121,32,24
121,33,8
121,34,4
121,35,12
121,36,8
121,37,4
121,38,8
121,39,20
122,0,24
122,1,20
122,2,20
122,3,12
122,4,28
122,5,24
122,6,28
122,7,48
122,8,40
122,9,20
122,10,12
122,11,44
122,12,36
122,13,48
122,14,52
122,15,60
122,16,88
122,17,116
122,18,188
122,19,164
122,20,212
122,21,116
122,22,64
122,23,76
122,24,24
122,25,20
122,26,52
122,27,40
122,28,16
122,29,24
122,30,36
122,31,16
122,32,24
122,33,12
122,34,12
122,35,8
122,36,16
122,37,20
122,38,12
122,39,20
123,0,8
123,1,16
123,2,20
123,3,12
123,4,20
123,5,24
123,6,24
123,7,28
123,8,12
123,9,24
123,10,40
123,11,36
123,12,56
123,13,36
123,14,48
123,15,52
123,16,96
123,17,84
123,18,108
123,19,156
123,20,248
123,21,156
123,22,88
123,23,60
123,24,64
123,25,52
123,26,32
123,27,52
123,28,52
123,29,20
123,30,16
123,31,32
123,32,12
123,33,8
123,34,12
123,35,12
123,36,12
123,37,16
123,38,0
123,39,24
124,0,12
124,1,16
124,2,8
124,3,28
124,4,24
124,5,20
124,6,12
124,7,24
124,8,36
124,9,32
124,10,12
124,11,36
124,12,52
124,13,44
124,14,80
124,15,96
124,16,64
124,17,80
124,18,120
124,19,144
124,20,208
124,21,116
124,22,100
124,23,52
124,24,48
124,25,100
124,26,60
124,27,60
124,28,44
124,29,24
124,30,8
124,31,28
124,32,8
124,33,16
124,34,12
124,35,8
124,36,4
124,37,16
124,38,4
124,39,4
125,0,8
125,1,28
125,2,24
125,3,12
125,4,20
125,5,40
125,6,16
125,7,16
125,8,20
125,9,24
125,10,36
125,11,48
125,12,36
125,13,64
125,14,28
125,15,56
125,16,60
125,17,80
125,18,88
125,19,124
125,20,96
125,21,124
125,22,120
125,23,60
125,24,60
125,25,52
125,26,60
125,27,48
125,28,48
125,29,24
125,30,24
125,31,16
125,32,24
125,33,36
125,34,12
125,35,12
125,36,8
125,37,8
125,38,12
125,39,12
126,0,24
126,1,16
126,2,8
126,3,16
126,4,16
126,5,8
126,6,28
126,7,36
126,8,32
126,9,24
126,10,28
126,11,56
126,12,20
126,13,48
126,14,36
126,15,52
126,16,56
126,17,140
126,18,100
126,19,128
126,20,112
126,21,96
126,22,132
126,23,108
126,24,92
126,25,88
126,26,52
126,27,56
126,28,36
126,29,24
126,30,20
126,31,16
126,32,20
126,33,12
126,34,28
126,35,12
126,36,16
126,37,12
126,38,4
126,39,12
127,0,4
127,1,12
127,2,12
127,3,8
127,4,16
127,5,16
127,6,28
127,7,24
127,8,20
127,9,32
127,10,52
127,11,36
127,12,68
127,13,28
127,14,32
127,15,40
127,16,100
127,17,100
127,18,48
127,19,112
127,20,164
127,21,192
127,22,100
127,23,104
127,24,56
127,25,48
127,26,44
127,27,28
127,28,40
127,29,28
127,30,40
127,31,20
127,32,32
127,33,44
127,34,16
127,35,16
127,36,12
127,37,0
127,38,4
127,39,0
128,0,12
128,1,12
128,2,16
128,3,20
128,4,24
128,5,16
128,6,16
128,7,12
128,8,20
128,9,4
128,10,36
128,11,44
128,12,48
128,13,52
128,14,36
128,15,68
128,16,56
128,17,76
128,18,64
128,19,136
128,20,172
128,21,84
128,22,104
128,23,68
128,24,40
128,25,24
128,26,52
128,27,36
128,28,72
128,29,44
128,30,32
128,31,16
128,32,24
128,33,16
128,34,20
128,35,12
128,36,12
128,37,12
128,38,12
128,39,0
129,0,12
129,1,16
129,2,16
129,3,40
129,4,28
129,5,20
129,6,16
129,7,8
129,8,12
129,9,24
129,10,24
129,11,40
129,12,24
129,13,32
129,14,60
129,15,60
129,16,84
129,17,68
129,18,76
129,19,108
129,20,160
129,21,132
129,22,72
129,23,76
129,24,60
129,25,64
129,26,36
129,27,36
129,28,40
129,29,40
129,30,44
129,31,24
129,32,20
129,33,24
129,34,24
129,35,40
129,36,24
129,37,24
129,38,16
129,39,4
130,0,12
130,1,8
130,2,0
130,3,12
130,4,12
130,5,24
130,6,28
130,7,16
130,8,36
130,9,28
130,10,36
130,11,52
130,12,32
130,13,40
130,14,20
130,15,60
130,16,80
130,17,96
130,18,116
130,19,104
130,20,132
130,21,108
130,22,104
130,23,68
130,24,48
130,25,44
130,26,36
130,27,20
130,28,56
130,29,40
130,30,52
130,31,24
130,32,36
130,33,4
130,34,20
130,35,20
130,36,8
130,37,40
130,38,16
130,39,32
131,0,12
131,1,12
131,2,4
131,3,8
131,4,8
131,5,0
131,6,8
131,7,8
131,8,16
131,9,24
131,10,16
131,11,8
131,12,32
131,13,44
131,14,80
131,15,84
131,16,52
131,17,108
131,18,104
131,19,144
131,20,144
131,21,116
131,22,84
131,23,84
131,24,56
131,25,28
131,26,52
131,27,36
131,28,48
131,29,44
131,30,36
131,31,24
131,32,16
131,33,16
131,34,28
131,35,12
131,36,24
131,37,12
131,38,16
131,39,20
132,0,8
132,1,12
132,2,0
132,3,8
132,4,20
132,5,12
132,6,12
132,7,24
132,8,32
132,9,28
132,10,44
132,11,48
132,12,36
132,13,36
132,14,40
132,15,68
132,16,48
132,17,84
132,18,80
132,19,148
132,20,200
132,21,96
132,22,68
132,23,48
132,24,56
132,25,64
132,26,60
132,27,44
132,28,28
132,29,32
132,30,20
132,31,48
132,32,20
132,33,24
132,34,12
132,35,8
132,36,4
132,37,8
132,38,20
132,39,4
133,0,12
133,1,20
133,2,12
133,3,20
133,4,24
133,5,16
133,6,24
133,7,8
133,8,16
133,9,20
133,10,24
133,11,24
133,12,48
133,13,40
133,14,60
133,15,44
133,16,60
133,17,76
133,18,40
133,19,204
133,20,168
133,21,144
133,22,88
133,23,60
133,24,40
133,25,28
133,26,64
133,27,40
133,28,24
133,29,20
133,30,4
133,31,24
133,32,36
133,33,8
133,34,16
133,35,28
133,36,12
133,37,4
133,38,4
133,39,12
134,0,12
134,1,4
134,2,4
134,3,16
134,4,8
134,5,12
134,6,24
134,7,16
134,8,40
134,9,16
134,10,24
134,11,28
134,12,12
134,13,12
134,14,32
134,15,32
134,16,80
134,17,72
134,18,96
134,19,224
134,20,240
134,21,100
134,22,76
134,23,52
134,24,44
134,25,24
134,26,20
134,27,20
134,28,28
134,29,32
134,30,24
134,31,8
134,32,20
134,33,20
134,34,12
134,35,8
134,36,12
134,37,16
134,38,4
134,39,4
135,0,4
135,1,16
135,2,4
135,3,28
135,4,8
135,5,8
135,6,16
135,7,12
135,8,8
135,9,8
135,10,24
135,11,24
135,12,36
135,13,44
135,14,32
135,15,24
135,16,56
135,17,68
135,18,56
135,19,128
135,20,156
135,21,68
135,22,60
135,23,88
135,24,76
135,25,48
135,26,12
135,27,28
135,28,4
135,29,16
135,30,20
135,31,32
135,32,0
135,33,16
135,34,8
135,35,12
135,36,16
135,37,0
135,38,4
135,39,12
136,0,16
136,1,8
136,2,12
136,3,20
136,4,28
136,5,16
136,6,12
136,7,20
136,8,4
136,9,16
136,10,24
136,11,24
136,12,48
136,13,36
136,14,32
136,15,40
136,16,48
136,17,36
136,18,68
136,19,80
136,20,136
136,21,72
136,22,40
136,23,48
136,24,56
136,25,24
136,26,28
136,27,12
136,28,20
136,29,32
136,30,12
136,31,20
136,32,16
136,33,16
136,34,32
136,35,0
136,36,20
136,37,16
136,38,16
136,39,12
137,0,16
137,1,16
137,2,12
137,3,20
137,4,4
137,5,8
137,6,12
137,7,12
137,8,16
137,9,36
137,10,16
137,11,28
137,12,44
137,13,36
137,14,44
137,15,64
137,16,68
137,17,76
137,18,112
137,19,108
137,20,120
137,21,56
137,22,48
137,23,32
137,24,48
137,25,40
137,26,32
137,27,28
137,28,28
137,29,16
137,30,20
137,31,16
137,32,8
137,33,16
137,34,12
137,35,20
137,36,12
137,37,20
137,38,24
137,39,16
138,0,4
138,1,0
138,2,28
138,3,16
138,4,20
138,5,8
138,6,16
138,7,12
138,8,28
138,9,12
138,10,40
138,11,28
138,12,28
138,13,24
138,14,64
138,15,64
138,16,60
138,17,60
138,18,40
138,19,84
138,20,124
138,21,48
138,22,40
138,23,12
138,24,36
138,25,40
138,26,36
138,27,36
138,28,28
138,29,40
138,30,44
138,31,28
138,32,36
138,33,16
138,34,20
138,35,24
138,36,20
138,37,16
138,38,12
138,39,20
139,0,8
139,1,20
139,2,16
139,3,4
139,4,0
139,5,0
139,6,12
139,7,32
139,8,4
139,9,24
139,10,16
139,11,44
139,12,16
139,13,28
139,14,56
139,15,48
139,16,52
139,17,36
139,18,52
139,19,80
139,20,152
139,21,76
139,22,40
139,23,36
139,24,24
139,25,24
139,26,16
139,27,32
139,28,8
139,29,4
139,30,0
139,31,16
139,32,20
139,33,12
139,34,8
139,35,4
139,36,8
139,37,4
139,38,16
139,39,8
140,0,20
140,1,4
140,2,0
140,3,8
140,4,4
140,5,16
140,6,8
140,7,8
140,8,24
140,9,12
140,10,12
140,11,12
140,12,8
140,13,52
140,14,28
140,15,24
140,16,24
140,17,24
140,18,32
140,19,44
140,20,52
140,21,56
140,22,36
140,23,28
140,24,20
140,25,24
140,26,16
140,27,24
140,28,20
140,29,16
140,30,20
140,31,8
140,32,12
140,33,12
140,34,0
140,35,12
140,36,12
140,37,4
140,38,4
140,39,8
141,0,12
141,1,4
141,2,0
141,3,8
141,4,4
141,5,4
141,6,20
141,7,12
141,8,8
141,9,8
141,10,16
141,11,8
141,12,20
141,13,28
141,14,8
141,15,16
141,16,20
141,17,36
141,18,28
141,19,28
141,20,28
141,21,44
141,22,32
141,23,28
141,24,36
141,25,24
141,26,16
141,27,12
141,28,16
141,29,8
141,30,20
141,31,12
141,32,8
141,33,8
141,34,8
141,35,12
141,36,0
141,37,8
141,38,8
141,39,8
142,0,8
142,1,0
142,2,4
142,3,12
142,4,0
142,5,8
142,6,4
142,7,4
142,8,20
142,9,8
142,10,16
142,11,16
142,12,24
142,13,16
142,14,12
142,15,16
142,16,28
142,17,28
142,18,16
142,19,24
142,20,36
142,21,16
142,22,44
142,23,20
142,24,16
142,25,32
142,26,20
142,27,8
142,28,8
142,29,12
142,30,4
142,31,20
142,32,12
142,33,8
142,34,12
142,35,4
142,36,12
142,37,20
142,38,16
142,39,0
143,0,0
143,1,4
143,2,0
143,3,4
143,4,12
143,5,4
143,6,20
143,7,16
143,8,8
143,9,12
143,10,12
143,11,20
143,12,12
143,13,8
143,14,4
143,15,24
143,16,28
143,17,16
143,18,8
143,19,20
143,20,28
143,21,28
143,22,20
143,23,12
143,24,28
143,25,28
143,26,32
143,27,16
143,28,8
143,29,4
143,30,4
143,31,12
143,32,12
143,33,8
143,34,8
143,35,8
143,36,0
143,37,12
143,38,0
143,39,8
144,0,0
144,1,4
144,2,4
144,3,16
144,4,12
144,5,16
144,6,12
144,7,4
144,8,4
144,9,12
144,10,16
144,11,0
144,12,8
144,13,20
144,14,12
144,15,20
144,16,24
144,17,4
144,18,4
144,19,20
144,20,20
144,21,24
144,22,16
144,23,20
144,24,12
144,25,20
144,26,12
144,27,12
144,28,32
144,29,12
144,30,12
144,31,12
144,32,4
144,33,12
144,34,4
144,35,4
144,36,8
144,37,4
144,38,12
144,39,0
145,0,8
145,1,4
145,2,4
145,3,0
145,4,16
145,5,0
145,6,8
145,7,4
145,8,32
145,9,16
145,10,16
145,11,16
145,12,4
145,13,4
145,14,12
145,15,16
145,16,20
145,17,16
145,18,20
145,19,12
145,20,20
145,21,20
145,22,12
145,23,4
145,24,8
145,25,24
145,26,8
145,27,20
145,28,4
145,29,28
145,30,0
145,31,24
145,32,8
145,33,4
145,34,4
145,35,0
145,36,8
145,37,8
145,38,4
145,39,4
146,0,0
146,1,16
146,2,12
146,3,8
146,4,4
146,5,12
146,6,8
146,7,4
146,8,20
146,9,4
146,10,0
146,11,8
146,12,4
146,13,16
146,14,32
146,15,8
146,16,20
146,17,8
146,18,12
146,19,8
146,20,20
146,21,20
146,22,8
146,23,28
146,24,8
146,25,4
146,26,12
146,27,4
146,28,8
146,29,0
146,30,32
146,31,4
146,32,8
146,33,4
146,34,12
146,35,0
146,36,0
146,37,0
146,38,8
146,39,12
147,0,4
147,1,4
147,2,12
147,3,4
147,4,12
147,5,12
147,6,4
147,7,8
147,8,16
147,9,0
147,10,16
147,11,0
147,12,4
147,13,16
147,14,16
147,15,8
147,16,8
147,17,4
147,18,8
147,19,8
147,20,8
147,21,24
147,22,4
147,23,8
147,24,20
147,25,12
147,26,12
147,27,8
147,28,24
147,29,4
147,30,8
147,31,12
147,32,16
147,33,12
147,34,4
147,35,12
147,36,0
147,37,8
147,38,0
147,39,0
148,0,8
148,1,8
148,2,12
148,3,8
148,4,4
148,5,4
148,6,12
148,7,8
148,8,4
148,9,8
148,10,4
148,11,0
148,12,28
148,13,8
148,14,12
148,15,8
148,16,12
148,17,0
148,18,16
148,19,4
148,20,12
148,21,24
148,22,8
148,23,8
148,24,20
148,25,4
148,26,12
148,27,20
148,28,0
148,29,12
148,30,0
148,31,16
148,32,8
148,33,12
148,34,12
148,35,12
148,36,8
148,37,0
148,38,4
148,39,0
149,0,8
149,1,12
149,2,4
149,3,0
149,4,4
149,5,12
149,6,8
149,7,12
149,8,8
149,9,4
149,10,4
149,11,8
149,12,24
149,13,8
149,14,8
149,15,4
149,16,16
149,17,12
149,18,8
149,19,4
149,20,8
149,21,16
149,22,20
149,23,0
149,24,12
149,25,4
149,26,12
149,27,12
149,28,0
149,29,8
149,30,8
149,31,8
149,32,4
149,33,12
149,34,4
149,35,20
149,36,0
149,37,0
149,38,4
149,39,8
150,0,8
150,1,0
150,2,8
150,3,8
150,4,12
150,5,4
150,6,8
150,7,0
150,8,0
150,9,4
150,10,0
150,11,12
150,12,12
150,13,12
150,14,8
150,15,12
150,16,8
150,17,0
150,18,8
150,19,8
150,20,4
150,21,12
150,22,8
150,23,12
150,24,4
150,25,12
150,26,8
150,27,8
150,28,20
150,29,0
150,30,8
150,31,4
150,32,12
150,33,8
150,34,12
150,35,8
150,36,8
150,37,8
150,38,0
150,39,4
151,0,4
151,1,8
151,2,4
151,3,8
151,4,0
151,5,0
151,6,4
151,7,8
151,8,4
151,9,0
151,10,4
151,11,16
151,12,4
151,13,8
151,14,4
151,15,8
151,16,8
151,17,0
151,18,12
151,19,4
151,20,12
151,21,4
151,22,12
151,23,4
151,24,4
151,25,16
151,26,4
151,27,8
151,28,12
151,29,0
151,30,4
151,31,4
151,32,12
151,33,8
151,34,0
151,35,16
151,36,16
151,37,8
151,38,0
151,39,0
152,0,8
152,1,8
152,2,8
152,3,0
152,4,0
152,5,4
152,6,12
152,7,8
152,8,4
152,9,4
152,10,16
152,11,20
152,12,8
152,13,4
152,14,0
152,15,4
152,16,4
152,17,0
152,18,8
152,19,0
152,20,8
152,21,24
152,22,12
152,23,12
152,24,4
152,25,12
152,26,4
152,27,8
152,28,8
152,29,12
152,30,4
152,31,0
152,32,0
152,33,8
152,34,20
152,35,0
152,36,8
152,37,12
152,38,4
152,39,0
153,0,4
153,1,4
153,2,8
153,3,0
153,4,0
153,5,4
153,6,0
153,7,0
153,8,4
153,9,12
153,10,12
153,11,8
153,12,4
153,13,4
153,14,8
153,15,8
153,16,12
153,17,4
153,18,8
153,19,0
153,20,4
153,21,12
153,22,8
153,23,8
153,24,12
153,25,8
153,26,4
153,27,0
153,28,12
153,29,8
153,30,4
153,31,0
153,32,4
153,33,0
153,34,8
153,35,12
153,36,8
153,37,8
153,38,16
153,39,8
154,0,0
154,1,8
154,2,0
154,3,0
154,4,12
154,5,12
154,6,0
154,7,0
154,8,4
154,9,8
154,10,8
154,11,0
154,12,4
154,13,0
154,14,4
154,15,8
154,16,4
154,17,4
154,18,12
154,19,0
154,20,4
154,21,8
154,22,0
154,23,16
154,24,0
154,25,12
154,26,8
154,27,8
154,28,4
154,29,12
154,30,12
154,31,0
154,32,8
154,33,8
154,34,0
154,35,12
154,36,4
154,37,4
154,38,16
154,39,4
155,0,4
155,1,0
155,2,0
155,3,12
155,4,4
155,5,4
155,6,0
155,7,12
155,8,8
155,9,4
155,10,12
155,11,4
155,12,4
155,13,8
155,14,0
155,15,0
155,16,8
155,17,0
155,18,8
155,19,4
155,20,4
155,21,20
155,22,4
155,23,4
155,24,0
155,25,0
155,26,4
155,27,8
155,28,0
155,29,8
155,30,4
155,31,4
155,32,0
155,33,0
155,34,8
155,35,4
155,36,4
155,37,4
155,38,0
155,39,16
156,0,4
156,1,4
156,2,4
156,3,0
156,4,8
156,5,4
156,6,0
156,7,0
156,8,8
156,9,4
156,10,4
156,11,4
156,12,8
156,13,8
156,14,8
156,15,4
156,16,8
156,17,0
156,18,4
156,19,4
156,20,4
156,21,0
156,22,12
156,23,8
156,24,4
156,25,16
156,26,0
156,27,12
156,28,4
156,29,4
156,30,4
156,31,0
156,32,4
156,33,0
156,34,4
156,35,8
156,36,0
156,37,20
156,38,8
156,39,8
157,0,0
157,1,0
157,2,0
157,3,0
157,4,8
157,5,4
157,6,4
157,7,12
157,8,4
157,9,4
157,10,16
157,11,4
157,12,4
157,13,0
157,14,8
157,15,4
157,16,0
157,17,8
157,18,4
157,19,0
157,20,0
157,21,12
157,22,4
157,23,8
157,24,4
157,25,8
157,26,0
157,27,0
157,28,0
157,29,8
157,30,4
157,31,12
157,32,0
157,33,8
157,34,4
157,35,0
157,36,4
157,37,4
157,38,4
157,39,0
158,0,0
158,1,0
158,2,4
158,3,4
158,4,4
158,5,4
158,6,0
158,7,8
158,8,4
158,9,0
158,10,8
158,11,8
158,12,4
158,13,4
158,14,0
158,15,4
158,16,0
158,17,0
158,18,4
158,19,0
158,20,0
158,21,4
158,22,4
158,23,8
158,24,4
158,25,0
158,26,8
158,27,0
158,28,4
158,29,0
158,30,0
158,31,0
158,32,4
158,33,4
158,34,0
158,35,0
158,36,4
158,37,0
158,38,8
158,39,0
159,0,8
159,1,0
159,2,0
159,3,8
159,4,8
159,5,0
159,6,8
159,7,0
159,8,0
159,9,8
159,10,4
159,11,0
159,12,4
159,13,8
159,14,0
159,15,8
159,16,0
159,17,12
159,18,0
159,19,4
159,20,0
159,21,4
159,22,8
159,23,4
159,24,12
159,25,4
159,26,8
159,27,4
159,28,0
159,29,4
159,30,8
159,31,4
159,32,0
159,33,0
159,34,8
159,35,0
159,36,0
159,37,8
159,38,4
159,39,12
160,0,0
160,1,0
160,2,4
160,3,4
160,4,4
160,5,4
160,6,8
160,7,4
160,8,0
160,9,8
160,10,0
160,11,8
160,12,0
160,13,8
160,14,4
160,15,0
160,16,0
160,17,0
160,18,4
160,19,0
160,20,0
160,21,4
160,22,0
160,23,4
160,24,4
160,25,8
160,26,4
160,27,4
160,28,4
160,29,0
160,30,4
160,31,4
160,32,8
160,33,4
160,34,0
160,35,4
160,36,0
160,37,0
160,38,4
160,39,0
161,0,0
161,1,0
161,2,0
161,3,0
161,4,0
161,5,4
161,6,4
161,7,0
161,8,0
161,9,4
161,10,0
161,11,4
161,12,0
161,13,8
161,14,0
161,15,4
161,16,0
161,17,8
161,18,0
161,19,0
161,20,0
161,21,12
161,22,4
161,23,0
161,24,8
161,25,4
161,26,0
161,27,0
161,28,8
161,29,4
161,30,0
161,31,4
161,32,4
161,33,4
161,34,0
161,35,0
161,36,8
161,37,0
161,38,4
161,39,0
162,0,4
162,1,4
162,2,4
162,3,8
162,4,0
162,5,8
162,6,12
162,7,4
162,8,0
162,9,0
162,10,0
162,11,4
162,12,4
162,13,12
162,14,0
162,15,8
162,16,8
162,17,4
162,18,0
162,19,4
162,20,4
162,21,0
162,22,0
162,23,4
162,24,8
162,25,8
162,26,0
162,27,12
162,28,0
162,29,4
162,30,8
162,31,8
162,32,0
162,33,0
162,34,0
162,35,8
162,36,0
162,37,0
162,38,4
162,39,8
163,0,0
163,1,4
163,2,8
163,3,8
163,4,4
163,5,8
163,6,4
163,7,0
163,8,8
163,9,0
163,10,8
163,11,0
163,12,8
163,13,0
163,14,8
163,15,0
163,16,0
163,17,0
163,18,0
163,19,8
163,20,0
163,21,8
163,22,4
163,23,0
163,24,0
163,25,0
163,26,0
163,27,8
163,28,4
163,29,0
163,30,8
163,31,4
163,32,4
163,33,4
163,34,4
163,35,0
163,36,4
163,37,0
163,38,0
163,39,4
164,0,4
164,1,0
164,2,4
164,3,0
164,4,8
164,5,4
164,6,0
164,7,4
164,8,4
164,9,0
164,10,4
164,11,0
164,12,4
164,13,0
164,14,4
164,15,0
164,16,0
164,17,4
164,18,0
164,19,0
164,20,0
164,21,4
164,22,4
164,23,0
164,24,4
164,25,4
164,26,0
164,27,0
164,28,0
164,29,4
164,30,4
164,31,4
164,32,4
164,33,4
164,34,0
164,35,0
164,36,4
164,37,4
164,38,0
164,39,0
165,0,4
165,1,4
165,2,8
165,3,4
165,4,0
165,5,0
165,6,4
165,7,0
165,8,0
165,9,0
165,10,0
165,11,0
165,12,12
165,13,0
165,14,4
165,15,0
165,16,8
165,17,0
165,18,0
165,19,0
165,20,0
165,21,8
165,22,0
165,23,4
165,24,0
165,25,0
165,26,0
165,27,4
165,28,4
165,29,0
165,30,0
165,31,0
165,32,4
165,33,0
165,34,0
165,35,0
165,36,0
165,37,4
165,38,0
165,39,0
166,0,0
166,1,0
166,2,12
166,3,8
166,4,4
166,5,8
166,6,4
166,7,0
166,8,0
166,9,16
166,10,0
166,11,0
166,12,4
166,13,4
166,14,0
166,15,0
166,16,0
166,17,8
166,18,0
166,19,0
166,20,0
166,21,0
166,22,4
166,23,4
166,24,8
166,25,0
166,26,0
166,27,4
166,28,4
166,29,4
166,30,0
166,31,0
166,32,0
166,33,4
166,34,4
166,35,0
166,36,4
166,37,0
166,38,0
166,39,0
167,0,0
167,1,0
167,2,0
167,3,0
167,4,0
167,5,0
167,6,0
167,7,4
167,8,0
167,9,0
167,10,0
167,11,4
167,12,4
167,13,8
167,14,0
167,15,0
167,16,0
167,17,0
167,18,0
167,19,4
167,20,4
167,21,4
167,22,12
167,23,0
167,24,8
167,25,4
167,26,0
167,27,0
167,28,0
167,29,4
167,30,0
167,31,0
167,32,4
167,33,0
167,34,0
167,35,4
167,36,0
167,37,0
167,38,8
167,39,0
168,0,0
168,1,0
168,2,8
168,3,4
168,4,4
168,5,0
168,6,4
168,7,0
168,8,4
168,9,8
168,10,0
168,11,0
168,12,0
168,13,4
168,14,0
168,15,0
168,16,8
168,17,0
168,18,0
168,19,0
168,20,0
168,21,0
168,22,0
168,23,0
168,24,0
168,25,0
168,26,0
168,27,0
168,28,8
168,29,0
168,30,4
168,31,0
168,32,4
168,33,4
168,34,0
168,35,4
168,36,0
168,37,0
168,38,0
168,39,0
169,0,8
169,1,4
169,2,4
169,3,0
169,4,4
169,5,0
169,6,0
169,7,0
169,8,0
169,9,4
169,10,0
169,11,4
169,12,0
169,13,4
169,14,4
169,15,0
169,16,0
169,17,4
169,18,4
169,19,0
169,20,4
169,21,4
169,22,0
169,23,0
169,24,0
169,25,0
169,26,8
169,27,0
169,28,8
169,29,4
169,30,4
169,31,0
169,32,4
169,33,0
169,34,8
169,35,0
169,36,0
169,37,4
169,38,0
169,39,0
170,0,0
170,1,12
170,2,8
170,3,0
170,4,0
170,5,0
170,6,4
170,7,4
170,8,0
170,9,0
170,10,0
170,11,0
170,12,0
170,13,4
170,14,0
170,15,0
170,16,4
170,17,0
170,18,0
170,19,0
170,20,0
170,21,0
170,22,4
170,23,4
170,24,0
170,25,0
170,26,4
170,27,0
170,28,0
170,29,0
170,30,4
170,31,4
170,32,0
170,33,0
170,34,0
170,35,0
170,36,0
170,37,0
170,38,0
170,39,4
171,0,0
171,1,4
171,2,4
171,3,4
171,4,0
171,5,0
171,6,0
171,7,0
171,8,8
171,9,0
171,10,0
171,11,8
171,12,4
171,13,0
171,14,4
171,15,4
171,16,0
171,17,0
171,18,0
171,19,0
171,20,0
171,21,0
171,22,0
171,23,8
171,24,0
171,25,0
171,26,0
171,27,0
171,28,4
171,29,4
171,30,4
171,31,0
171,32,0
171,33,12
171,34,0
171,35,0
171,36,0
171,37,4
171,38,0
171,39,0
172,0,8
172,1,4
172,2,0
172,3,0
172,4,8
172,5,0
172,6,0
172,7,0
172,8,0
172,9,0
172,10,0
172,11,0
172,12,0
172,13,4
172,14,0
172,15,0
172,16,0
172,17,4
172,18,0
172,19,0
172,20,0
172,21,0
172,22,0
172,23,0
172,24,4
172,25,0
172,26,4
172,27,0
172,28,4
172,29,4
172,30,8
172,31,0
172,32,0
172,33,0
172,34,4
172,35,0
172,36,0
172,37,0
172,38,0
172,39,0
173,0,8
173,1,0
173,2,0
173,3,0
173,4,0
173,5,4
173,6,4
173,7,0
173,8,0
173,9,4
173,10,0
173,11,0
173,12,4
173,13,0
173,14,0
173,15,4
173,16,4
173,17,4
173,18,0
173,19,4
173,20,0
173,21,8
173,22,0
173,23,4
173,24,0
173,25,0
173,26,0
173,27,0
173,28,0
173,29,4
173,30,0
173,31,0
173,32,0
173,33,0
173,34,0
173,35,0
173,36,4
173,37,0
173,38,0
173,39,0
174,0,4
174,1,4
174,2,0
174,3,0
174,4,8
174,5,0
174,6,0
174,7,4
174,8,0
174,9,0
174,10,0
174,11,0
174,12,8
174,13,4
174,14,0
174,15,0
174,16,8
174,17,0
174,18,0
174,19,0
174,20,0
174,21,0
174,22,0
174,23,4
174,24,0
174,25,4
174,26,0
174,27,0
174,28,0
174,29,0
174,30,4
174,31,4
174,32,0
174,33,0
174,34,0
174,35,4
174,36,4
174,37,0
174,38,4
174,39,0
175,0,4
175,1,4
175,2,0
175,3,4
175,4,0
175,5,4
175,6,0
175,7,0
175,8,0
175,9,0
175,10,0
175,11,0
175,12,0
175,13,4
175,14,0
175,15,0
175,16,0
175,17,0
175,18,4
175,19,0
175,20,0
175,21,0
175,22,0
175,23,0
175,24,4
175,25,0
175,26,4
175,27,4
175,28,0
175,29,4
175,30,0
175,31,8
175,32,8
175,33,0
175,34,0
175,35,0
175,36,0
175,37,0
175,38,0
175,39,0
176,0,0
176,1,0
176,2,0
176,3,0
176,4,4
176,5,0
176,6,0
176,7,8
176,8,4
176,9,4
176,10,0
176,11,4
176,12,4
176,13,8
176,14,0
176,15,4
176,16,0
176,17,0
176,18,4
176,19,0
176,20,0
176,21,0
176,22,0
176,23,0
176,24,0
176,25,0
176,26,0
176,27,0
176,28,0
176,29,0
176,30,4
176,31,4
176,32,0
176,33,0
176,34,0
176,35,0
176,36,0
176,37,4
176,38,4
176,39,0
177,0,4
177,1,0
177,2,0
177,3,0
177,4,4
177,5,0
177,6,0
177,7,0
177,8,0
177,9,0
177,10,0
177,11,0
177,12,4
177,13,0
177,14,0
177,15,0
177,16,0
177,17,0
177,18,0
177,19,0
177,20,0
177,21,4
177,22,0
177,23,8
177,24,4
177,25,4
177,26,4
177,27,4
177,28,0
177,29,0
177,30,4
177,31,0
177,32,4
177,33,0
177,34,0
177,35,0
177,36,0
177,37,0
177,38,0
177,39,0
178,0,4
178,1,4
178,2,4
178,3,0
178,4,0
178,5,0
178,6,0
178,7,0
178,8,4
178,9,0
178,10,0
178,11,4
178,12,0
178,13,0
178,14,0
178,15,0
178,16,8
178,17,4
178,18,0
178,19,0
178,20,0
178,21,0
178,22,4
178,23,0
178,24,0
178,25,0
178,26,0
178,27,4
178,28,0
178,29,0
178,30,8
178,31,0
178,32,4
178,33,0
178,34,0
178,35,0
178,36,0
178,37,4
178,38,0
178,39,0
179,0,0
179,1,0
179,2,4
179,3,4
179,4,4
179,5,0
179,6,4
179,7,0
179,8,0
179,9,0
179,10,0
179,11,4
179,12,0
179,13,0
179,14,4
179,15,0
179,16,4
179,17,0
179,18,0
179,19,0
179,20,0
179,21,0
179,22,0
179,23,0
179,24,0
179,25,0
179,26,0
179,27,0
179,28,0
179,29,0
179,30,8
179,31,0
179,32,0
179,33,0
179,34,0
179,35,0
179,36,4
179,37,0
179,38,0
179,39,0
180,0,0
180,1,0
180,2,0
180,3,0
180,4,0
180,5,0
180,6,0
180,7,0
180,8,4
180,9,0
180,10,0
180,11,0
180,12,4
180,13,0
180,14,0
180,15,0
180,16,0
180,17,0
180,18,0
180,19,0
180,20,0
180,21,0
180,22,0
180,23,4
180,24,4
180,25,0
180,26,0
180,27,0
180,28,0
180,29,0
180,30,4
180,31,4
180,32,4
180,33,4
180,34,0
180,35,0
180,36,0
180,37,4
180,38,0
180,39,0
181,0,0
181,1,0
181,2,0
181,3,0
181,4,0
181,5,4
181,6,4
181,7,0
181,8,0
181,9,0
181,10,4
181,11,4
181,12,4
181,13,0
181,14,0
181,15,0
181,16,0
181,17,0
181,18,0
181,19,0
181,20,0
181,21,4
181,22,0
181,23,0
181,24,0
181,25,0
181,26,0
181,27,0
181,28,0
181,29,0
181,30,0
181,31,0
181,32,0
181,33,0
181,34,4
181,35,0
181,36,0
181,37,0
181,38,0
181,39,0
182,0,0
182,1,0
182,2,0
182,3,4
182,4,0
182,5,0
182,6,0
182,7,0
182,8,4
182,9,0
182,10,4
182,11,0
182,12,4
182,13,4
182,14,4
182,15,0
182,16,8
182,17,0
182,18,4
182,19,0
182,20,0
182,21,0
182,22,0
182,23,0
182,24,4
182,25,8
182,26,8
182,27,0
182,28,0
182,29,0
182,30,0
182,31,0
182,32,0
182,33,4
182,34,0
182,35,0
182,36,0
182,37,0
182,38,4
182,39,0
183,0,0
183,1,0
183,2,8
183,3,0
183,4,0
183,5,0
183,6,0
183,7,0
183,8,0
183,9,0
183,10,0
183,11,4
183,12,0
183,13,0
183,14,0
183,15,0
183,16,4
183,17,0
183,18,0
183,19,0
183,20,4
183,21,0
183,22,0
183,23,0
183,24,4
183,25,0
183,26,0
183,27,0
183,28,0
183,29,0
183,30,0
183,31,8
183,32,8
183,33,0
183,34,0
183,35,4
183,36,0
183,37,0
183,38,0
183,39,0
184,0,0
184,1,0
184,2,0
184,3,0
184,4,0
184,5,0
184,6,0
184,7,0
184,8,0
184,9,0
184,10,0
184,11,0
184,12,0
184,13,0
184,14,0
184,15,0
184,16,4
184,17,0
184,18,0
184,19,0
184,20,0
184,21,0
184,22,4
184,23,0
184,24,4
184,25,0
184,26,0
184,27,0
184,28,0
184,29,0
184,30,0
184,31,0
184,32,4
184,33,0
184,34,0
184,35,4
184,36,0
184,37,0
184,38,0
184,39,4
185,0,4
185,1,4
185,2,0
185,3,0
185,4,0
185,5,0
185,6,0
185,7,4
185,8,0
185,9,4
185,10,0
185,11,0
185,12,0
185,13,4
185,14,0
185,15,0
185,16,4
185,17,0
185,18,0
185,19,0
185,20,0
185,21,4
185,22,0
185,23,0
185,24,0
185,25,0
185,26,0
185,27,0
185,28,0
185,29,0
185,30,0
185,31,0
185,32,0
185,33,4
185,34,4
185,35,0
185,36,0
185,37,0
185,38,0
185,39,0
186,0,0
186,1,0
186,2,0
186,3,0
186,4,0
186,5,4
186,6,0
186,7,0
186,8,0
186,9,0
186,10,4
186,11,12
186,12,0
186,13,0
186,14,0
186,15,0
186,16,0
186,17,0
186,18,0
186,19,0
186,20,0
186,21,0
186,22,0
186,23,0
186,24,0
186,25,0
186,26,0
186,27,0
186,28,0
186,29,0
186,30,0
186,31,4
186,32,4
186,33,0
186,34,4
186,35,0
186,36,0
186,37,0
186,38,0
186,39,4
187,0,0
187,1,0
187,2,0
187,3,0
187,4,0
187,5,0
187,6,0
187,7,0
187,8,0
187,9,0
187,10,0
187,11,0
187,12,0
187,13,4
187,14,0
187,15,0
187,16,4
187,17,0
187,18,0
187,19,0
187,20,0
187,21,0
187,22,0
187,23,0
187,24,0
187,25,4
187,26,4
187,27,4
187,28,0
187,29,0
187,30,0
187,31,4
187,32,0
187,33,0
187,34,0
187,35,0
187,36,0
187,37,0
187,38,0
187,39,0
188,0,0
188,1,0
188,2,0
188,3,0
188,4,0
188,5,0
188,6,0
188,7,0
188,8,0
188,9,8
188,10,0
188,11,0
188,12,8
188,13,0
188,14,0
188,15,0
188,16,0
188,17,0
188,18,4
188,19,0
188,20,0
188,21,0
188,22,0
188,23,0
188,24,4
188,25,0
188,26,4
188,27,0
188,28,0
188,29,0
188,30,0
188,31,4
188,32,0
188,33,4
188,34,4
188,35,0
188,36,4
188,37,0
188,38,0
188,39,0
189,0,0
189,1,0
189,2,0
189,3,0
189,4,0
189,5,0
189,6,0
189,7,0
189,8,0
189,9,0
189,10,0
189,11,4
189,12,0
189,13,0
189,14,0
189,15,0
189,16,0
189,17,4
189,18,0
189,19,0
189,20,0
189,21,4
189,22,0
189,23,4
189,24,0
189,25,0
189,26,0
189,27,0
189,28,0
189,29,0
189,30,0
189,31,0
189,32,0
189,33,0
189,34,0
189,35,0
189,36,0
189,37,0
189,38,0
189,39,0
190,0,0
190,1,0
190,2,0
190,3,0
190,4,0
190,5,0
190,6,4
190,7,0
190,8,0
190,9,0
190,10,4
190,11,0
190,12,0
190,13,4
190,14,0
190,15,0
190,16,4
190,17,0
190,18,0
190,19,0
190,20,0
190,21,0
190,22,0
190,23,0
190,24,0
190,25,0
190,26,4
190,27,4
190,28,0
190,29,0
190,30,0
190,31,0
190,32,4
190,33,0
190,34,0
190,35,4
190,36,0
190,37,0
190,38,0
190,39,0
191,0,0
191,1,0
191,2,0
191,3,0
191,4,4
191,5,0
191,6,0
191,7,0
191,8,4
191,9,0
191,10,4
191,11,0
191,12,0
191,13,0
191,14,0
191,15,0
191,16,0
191,17,0
191,18,0
191,19,0
191,20,0
191,21,0
191,22,0
191,23,0
191,24,0
191,25,0
191,26,0
191,27,4
191,28,0
191,29,0
191,30,0
191,31,0
191,32,0
191,33,0
191,34,0
191,35,4
191,36,0
191,37,4
191,38,0
191,39,0
192,0,0
192,1,0
192,2,0
192,3,0
192,4,0
192,5,0
192,6,0
192,7,0
192,8,0
192,9,0
192,10,0
192,11,4
192,12,0
192,13,0
192,14,0
192,15,0
192,16,8
192,17,0
192,18,0
192,19,0
192,20,0
192,21,0
192,22,0
192,23,0
192,24,0
192,25,0
192,26,0
192,27,0
192,28,0
192,29,0
192,30,0
192,31,0
192,32,0
192,33,0
192,34,0
192,35,4
192,36,0
192,37,0
192,38,0
192,39,0
193,0,0
193,1,0
193,2,0
193,3,0
193,4,0
193,5,0
193,6,0
193,7,0
193,8,0
193,9,0
193,10,4
193,11,4
193,12,4
193,13,0
193,14,0
193,15,0
193,16,0
193,17,0
193,18,0
193,19,0
193,20,0
193,21,4
193,22,0
193,23,0
193,24,0
193,25,0
193,26,0
193,27,0
193,28,0
193,29,0
193,30,0
193,31,0
193,32,0
193,33,4
193,34,4
193,35,0
193,36,0
193,37,0
193,38,0
193,39,0
194,0,0
194,1,0
194,2,0
194,3,0
194,4,0
194,5,0
194,6,0
194,7,4
194,8,0
194,9,0
194,10,0
194,11,0
194,12,0
194,13,0
194,14,0
194,15,0
194,16,0
194,17,0
194,18,0
194,19,0
194,20,4
194,21,0
194,22,0
194,23,0
194,24,0
194,25,4
194,26,0
194,27,4
194,28,0
194,29,0
194,30,0
194,31,0
194,32,0
194,33,0
194,34,0
194,35,0
194,36,4
194,37,4
194,38,4
194,39,4
195,0,0
195,1,0
195,2,0
195,3,0
195,4,8
195,5,0
195,6,0
195,7,0
195,8,4
195,9,0
195,10,4
195,11,0
195,12,0
195,13,0
195,14,0
195,15,0
195,16,0
195,17,0
195,18,4
195,19,0
195,20,0
195,21,0
195,22,0
195,23,4
195,24,0
195,25,0
195,26,0
195,27,4
195,28,0
195,29,0
195,30,0
195,31,4
195,32,0
195,33,0
195,34,0
195,35,0
195,36,4
195,37,0
195,38,0
195,39,0
196,0,0
196,1,0
196,2,0
196,3,4
196,4,0
196,5,0
196,6,0
196,7,0
196,8,0
196,9,0
196,10,4
196,11,0
196,12,0
196,13,0
196,14,0
196,15,0
196,16,4
196,17,0
196,18,0
196,19,0
196,20,0
196,21,0
196,22,0
196,23,0
196,24,0
196,25,0
196,26,0
196,27,4
196,28,4
196,29,0
196,30,0
196,31,0
196,32,0
196,33,0
196,34,0
196,35,4
196,36,0
196,37,0
196,38,4
196,39,0
197,0,0
197,1,0
197,2,0
197,3,0
197,4,0
197,5,0
197,6,0
197,7,0
197,8,0
197,9,0
197,10,0
197,11,0
197,12,0
197,13,0
197,14,0
197,15,0
197,16,0
197,17,0
197,18,0
197,19,0
197,20,0
197,21,0
197,22,0
197,23,0
197,24,0
197,25,0
197,26,0
197,27,4
197,28,0
197,29,0
197,30,0
197,31,0
197,32,0
197,33,0
197,34,4
197,35,0
197,36,0
197,37,0
197,38,0
197,39,0
198,0,0
198,1,0
198,2,0
198,3,0
198,4,0
198,5,0
198,6,0
198,7,0
198,8,0
198,9,0
198,10,4
198,11,0
198,12,0
198,13,0
198,14,0
198,15,0
198,16,0
198,17,0
198,18,0
198,19,0
198,20,0
198,21,0
198,22,0
198,23,0
198,24,0
198,25,0
198,26,0
198,27,0
198,28,4
198,29,0
198,30,0
198,31,0
198,32,0
198,33,0
198,34,0
198,35,4
198,36,0
198,37,4
198,38,0
198,39,0
199,0,0
199,1,0
199,2,0
199,3,0
199,4,0
199,5,0
199,6,4
199,7,0
199,8,0
199,9,0
199,10,0
199,11,4
199,12,0
199,13,0
199,14,0
199,15,0
199,16,0
199,17,0
199,18,0
199,19,0
199,20,4
199,21,0
199,22,0
199,23,0
199,24,0
199,25,0
199,26,0
199,27,0
199,28,0
199,29,0
199,30,0
199,31,0
199,32,0
199,33,0
199,34,0
199,35,0
199,36,0
199,37,0
199,38,0
199,39,0
