# mesh name: scoring_mesh
# primitive scorer name: n_opticalPhotons
# xy projection
200 40 
0,0,1412
0,1,1432
0,2,1492
0,3,1572
0,4,1552
0,5,1520
0,6,1480
0,7,1832
0,8,1664
0,9,1752
0,10,1708
0,11,1736
0,12,1764
0,13,1968
0,14,1792
0,15,1968
0,16,1936
0,17,2004
0,18,2040
0,19,2024
0,20,2016
0,21,1900
0,22,2064
0,23,1980
0,24,1920
0,25,1932
0,26,1892
0,27,1952
0,28,1880
0,29,1540
0,30,1656
0,31,1588
0,32,1684
0,33,1612
0,34,1488
0,35,1432
0,36,1496
0,37,1440
0,38,1464
0,39,1336
1,0,1372
1,1,1564
1,2,1576
1,3,1632
1,4,1716
1,5,1620
1,6,1700
1,7,1876
1,8,1772
1,9,1876
1,10,2064
1,11,2000
1,12,2080
1,13,1988
1,14,2096
1,15,2116
1,16,2144
1,17,1988
1,18,2088
1,19,2140
1,20,2204
1,21,2228
1,22,2156
1,23,2000
1,24,1940
1,25,2180
1,26,2084
1,27,1996
1,28,1844
1,29,1920
1,30,1752
1,31,1692
1,32,1848
1,33,1896
1,34,1424
1,35,1596
1,36,1648
1,37,1500
1,38,1432
1,39,1456
2,0,1540
2,1,1592
2,2,1692
2,3,1836
2,4,1832
2,5,1816
2,6,1764
2,7,1884
2,8,1984
2,9,2024
2,10,1980
2,11,2148
2,12,2000
2,13,2148
2,14,2192
2,15,2208
2,16,2352
2,17,2228
2,18,2192
2,19,2244
2,20,2224
2,21,2296
2,22,2352
2,23,2156
2,24,2292
2,25,2304
2,26,2184
2,27,2292
2,28,2032
2,29,2148
2,30,1848
2,31,1832
2,32,1916
2,33,1908
2,34,1860
2,35,1756
2,36,1816
2,37,1480
2,38,1460
2,39,1416
3,0,1664
3,1,1840
3,2,1792
3,3,1744
3,4,1876
3,5,2080
3,6,1876
3,7,2000
3,8,1920
3,9,2208
3,10,2244
3,11,2340
3,12,2224
3,13,2332
3,14,2364
3,15,2340
3,16,2448
3,17,2472
3,18,2520
3,19,2372
3,20,2600
3,21,2488
3,22,2528
3,23,2472
3,24,2468
3,25,2540
3,26,2364
3,27,2124
3,28,2172
3,29,2120
3,30,2048
3,31,2064
3,32,2028
3,33,2048
3,34,1800
3,35,1900
3,36,1720
3,37,1724
3,38,1648
3,39,1736
4,0,1748
4,1,1964
4,2,1748
4,3,2060
4,4,2136
4,5,2180
4,6,2208
4,7,2176
4,8,2256
4,9,2316
4,10,2424
4,11,2608
4,12,2476
4,13,2364
4,14,2656
4,15,2788
4,16,2740
4,17,2824
4,18,2628
4,19,2664
4,20,2820
4,21,2736
4,22,2556
4,23,2780
4,24,2692
4,25,2784
4,26,2344
4,27,2440
4,28,2520
4,29,2280
4,30,2028
4,31,2432
4,32,2220
4,33,1972
4,34,2092
4,35,1892
4,36,1820
4,37,1912
4,38,1784
4,39,1612
5,0,1888
5,1,2016
5,2,2088
5,3,2152
5,4,2048
5,5,2292
5,6,2264
5,7,2344
5,8,2436
5,9,2280
5,10,2584
5,11,2660
5,12,2896
5,13,2656
5,14,2812
5,15,2836
5,16,3012
5,17,2756
5,18,2820
5,19,2840
5,20,3104
5,21,3000
5,22,3104
5,23,2988
5,24,2900
5,25,2792
5,26,2760
5,27,2780
5,28,2540
5,29,2456
5,30,2628
5,31,2532
5,32,2340
5,33,2208
5,34,2220
5,35,2016
5,36,2108
5,37,2132
5,38,1912
5,39,1868
6,0,1896
6,1,2180
6,2,2116
6,3,2128
6,4,2268
6,5,2460
6,6,2308
6,7,2636
6,8,2484
6,9,2636
6,10,2816
6,11,2940
6,12,3124
6,13,2944
6,14,3024
6,15,3164
6,16,3200
6,17,3220
6,18,3156
6,19,3188
6,20,3020
6,21,3200
6,22,3260
6,23,3248
6,24,3164
6,25,3180
6,26,3056
6,27,2980
6,28,2856
6,29,2836
6,30,2676
6,31,2672
6,32,2432
6,33,2520
6,34,2324
6,35,2192
6,36,2240
6,37,2208
6,38,2056
6,39,2032
7,0,1984
7,1,2108
7,2,2452
7,3,2440
7,4,2516
7,5,2696
7,6,2536
7,7,2680
7,8,2832
7,9,2988
7,10,3184
7,11,3180
7,12,3196
7,13,3120
7,14,3232
7,15,3548
7,16,3520
7,17,3488
7,18,3540
7,19,3568
7,20,3488
7,21,3732
7,22,3396
7,23,3680
7,24,3792
7,25,3424
7,26,3348
7,27,3232
7,28,3000
7,29,3040
7,30,2824
7,31,2848
7,32,2596
7,33,2536
7,34,2480
7,35,2480
7,36,2312
7,37,2420
7,38,2276
7,39,1812
8,0,2284
8,1,2320
8,2,2552
8,3,2576
8,4,2648
8,5,2720
8,6,2972
8,7,2988
8,8,3112
8,9,3116
8,10,3132
8,11,3404
8,12,3628
8,13,3612
8,14,3624
8,15,3892
8,16,3640
8,17,3832
8,18,3900
8,19,3808
8,20,4084
8,21,3908
8,22,3932
8,23,4024
8,24,4108
8,25,3844
8,26,3376
8,27,3620
8,28,3388
8,29,3260
8,30,3224
8,31,2924
8,32,2908
8,33,2828
8,34,2740
8,35,2712
8,36,2728
8,37,2568
8,38,2352
8,39,2264
9,0,2660
9,1,2432
9,2,2840
9,3,2696
9,4,2888
9,5,2964
9,6,3088
9,7,3296
9,8,3280
9,9,3608
9,10,3672
9,11,3668
9,12,3680
9,13,4004
9,14,4096
9,15,4200
9,16,4012
9,17,4468
9,18,4340
9,19,4272
9,20,4196
9,21,4308
9,22,4256
9,23,4360
9,24,4312
9,25,3880
9,26,3980
9,27,3868
9,28,3612
9,29,3828
9,30,3468
9,31,3396
9,32,3216
9,33,3000
9,34,3188
9,35,2900
9,36,2644
9,37,2676
9,38,2388
9,39,2424
10,0,2780
10,1,2608
10,2,2908
10,3,2944
10,4,3196
10,5,3244
10,6,3396
10,7,3440
10,8,3700
10,9,3980
10,10,3984
10,11,3992
10,12,4296
10,13,4252
10,14,4672
10,15,4476
10,16,4616
10,17,4620
10,18,4840
10,19,5032
10,20,4812
10,21,5004
10,22,5068
10,23,5004
10,24,4584
10,25,4636
10,26,4440
10,27,4224
10,28,4180
10,29,3892
10,30,3728
10,31,3576
10,32,3144
10,33,3492
10,34,3468
10,35,3216
10,36,2916
10,37,2908
10,38,2800
10,39,2652
11,0,2684
11,1,2900
11,2,3244
11,3,3272
11,4,3160
11,5,3672
11,6,3388
11,7,3816
11,8,3984
11,9,4368
11,10,4552
11,11,4444
11,12,4500
11,13,5064
11,14,4796
11,15,5048
11,16,5300
11,17,5432
11,18,5464
11,19,5408
11,20,5392
11,21,5436
11,22,5660
11,23,5436
11,24,4956
11,25,4892
11,26,5064
11,27,4576
11,28,4320
11,29,4384
11,30,4152
11,31,3584
11,32,4032
11,33,3664
11,34,3512
11,35,3392
11,36,3292
11,37,2876
11,38,3020
11,39,2624
12,0,3000
12,1,2924
12,2,3108
12,3,3612
12,4,3816
12,5,3908
12,6,4236
12,7,3972
12,8,4336
12,9,4748
12,10,4732
12,11,4912
12,12,5160
12,13,5372
12,14,5856
12,15,5624
12,16,5948
12,17,5780
12,18,6300
12,19,6368
12,20,5828
12,21,6112
12,22,6232
12,23,5896
12,24,5796
12,25,5464
12,26,5492
12,27,5144
12,28,4848
12,29,4552
12,30,4348
12,31,4324
12,32,4328
12,33,4188
12,34,3648
12,35,3452
12,36,3608
12,37,3252
12,38,3228
12,39,3024
13,0,2964
13,1,3296
13,2,3416
13,3,3572
13,4,3964
13,5,4172
13,6,4464
13,7,4568
13,8,4860
13,9,5124
13,10,5252
13,11,5616
13,12,5460
13,13,6164
13,14,6640
13,15,6600
13,16,6752
13,17,6576
13,18,7096
13,19,7180
13,20,6672
13,21,6940
13,22,6832
13,23,6904
13,24,6636
13,25,6140
13,26,5960
13,27,5904
13,28,5500
13,29,5244
13,30,5072
13,31,4780
13,32,4548
13,33,4580
13,34,4000
13,35,3944
13,36,3916
13,37,3440
13,38,3276
13,39,3152
14,0,3320
14,1,3760
14,2,3704
14,3,4276
14,4,4364
14,5,4564
14,6,4940
14,7,5096
14,8,5048
14,9,5776
14,10,5952
14,11,6004
14,12,6356
14,13,6944
14,14,7132
14,15,7276
14,16,7460
14,17,7920
14,18,7980
14,19,7960
14,20,7816
14,21,8136
14,22,7792
14,23,7932
14,24,7224
14,25,7128
14,26,6876
14,27,6520
14,28,6128
14,29,6048
14,30,5692
14,31,5432
14,32,5200
14,33,4756
14,34,4592
14,35,4444
14,36,4200
14,37,3804
14,38,3616
14,39,3360
15,0,3424
15,1,3740
15,2,4052
15,3,4064
15,4,4752
15,5,4828
15,6,5264
15,7,5792
15,8,5828
15,9,6256
15,10,6604
15,11,7096
15,12,7004
15,13,7504
15,14,7856
15,15,8136
15,16,8960
15,17,8788
15,18,8988
15,19,9160
15,20,9132
15,21,9160
15,22,8832
15,23,8512
15,24,8352
15,25,7968
15,26,7596
15,27,7348
15,28,6900
15,29,6748
15,30,6488
15,31,5788
15,32,5716
15,33,5348
15,34,4696
15,35,4660
15,36,4264
15,37,4036
15,38,4032
15,39,3792
16,0,3932
16,1,4132
16,2,4516
16,3,4860
16,4,5276
16,5,5224
16,6,5880
16,7,6220
16,8,6624
16,9,7128
16,10,7048
16,11,7712
16,12,8064
16,13,8700
16,14,8848
16,15,9372
16,16,9812
16,17,10196
16,18,10500
16,19,10756
16,20,10832
16,21,10636
16,22,10036
16,23,9668
16,24,9248
16,25,8976
16,26,8476
16,27,8404
16,28,7968
16,29,7432
16,30,7264
16,31,6528
16,32,6132
16,33,5588
16,34,5440
16,35,5040
16,36,4840
16,37,4636
16,38,4388
16,39,3972
17,0,4308
17,1,4368
17,2,4880
17,3,5128
17,4,5396
17,5,5904
17,6,6168
17,7,6908
17,8,7204
17,9,8040
17,10,8772
17,11,8836
17,12,9312
17,13,9672
17,14,9888
17,15,10644
17,16,11520
17,17,11740
17,18,12184
17,19,11964
17,20,12524
17,21,11636
17,22,11612
17,23,11016
17,24,10676
17,25,10288
17,26,9632
17,27,9512
17,28,8948
17,29,8436
17,30,7772
17,31,7048
17,32,6556
17,33,6448
17,34,5956
17,35,5652
17,36,5220
17,37,5008
17,38,4924
17,39,4488
18,0,4640
18,1,5036
18,2,5384
18,3,5724
18,4,5852
18,5,6284
18,6,6684
18,7,7468
18,8,7724
18,9,8756
18,10,9372
18,11,9456
18,12,10424
18,13,11080
18,14,11616
18,15,12408
18,16,12768
18,17,13792
18,18,14004
18,19,13860
18,20,13744
18,21,13568
18,22,13112
18,23,12592
18,24,12008
18,25,11128
18,26,10848
18,27,10564
18,28,9564
18,29,8952
18,30,8676
18,31,8056
18,32,7392
18,33,6788
18,34,6528
18,35,6308
18,36,5964
18,37,5440
18,38,5304
18,39,4812
19,0,4680
19,1,5200
19,2,5832
19,3,6340
19,4,6600
19,5,6980
19,6,7808
19,7,8124
19,8,8608
19,9,9208
19,10,9764
19,11,10868
19,12,11744
19,13,12328
19,14,12864
19,15,13436
19,16,14768
19,17,15368
19,18,15492
19,19,16196
19,20,15932
19,21,15572
19,22,15180
19,23,14376
19,24,13276
19,25,12736
19,26,12108
19,27,11556
19,28,11144
19,29,9836
19,30,9444
19,31,8564
19,32,8416
19,33,7636
19,34,7188
19,35,7012
19,36,6032
19,37,5788
19,38,5588
19,39,4696
20,0,5112
20,1,5684
20,2,5916
20,3,6700
20,4,7448
20,5,7884
20,6,8276
20,7,9016
20,8,9716
20,9,10404
20,10,11044
20,11,11496
20,12,13140
20,13,13456
20,14,14736
20,15,15880
20,16,16604
20,17,17620
20,18,17444
20,19,18668
20,20,17688
20,21,18072
20,22,17288
20,23,16864
20,24,15096
20,25,14536
20,26,13912
20,27,12844
20,28,12652
20,29,11232
20,30,10448
20,31,10320
20,32,8884
20,33,8824
20,34,7752
20,35,7764
20,36,6712
20,37,6336
20,38,5892
20,39,5356
21,0,5704
21,1,5788
21,2,6668
21,3,7360
21,4,7768
21,5,8604
21,6,9156
21,7,9800
21,8,10844
21,9,11536
21,10,12196
21,11,12708
21,12,14124
21,13,15732
21,14,15632
21,15,17700
21,16,18920
21,17,19548
21,18,19984
21,19,20360
21,20,20844
21,21,19952
21,22,19296
21,23,18256
21,24,16884
21,25,15884
21,26,15096
21,27,14280
21,28,13476
21,29,12128
21,30,11984
21,31,11064
21,32,9640
21,33,9100
21,34,8412
21,35,7940
21,36,7416
21,37,6604
21,38,6536
21,39,5780
22,0,6240
22,1,6740
22,2,7332
22,3,7796
22,4,8356
22,5,9160
22,6,9536
22,7,10724
22,8,11352
22,9,12896
22,10,13712
22,11,14464
22,12,15360
22,13,16424
22,14,17484
22,15,18904
22,16,20748
22,17,21648
22,18,22472
22,19,23448
22,20,22820
22,21,21880
22,22,21284
22,23,20724
22,24,18672
22,25,17864
22,26,16132
22,27,15228
22,28,13996
22,29,13744
22,30,12340
22,31,11516
22,32,11024
22,33,9972
22,34,9168
22,35,8440
22,36,8032
22,37,7804
22,38,6968
22,39,6188
23,0,6588
23,1,7060
23,2,7968
23,3,8196
23,4,8892
23,5,9612
23,6,10568
23,7,11660
23,8,12576
23,9,13436
23,10,14864
23,11,15848
23,12,17144
23,13,18416
23,14,18568
23,15,20444
23,16,22400
23,17,23700
23,18,24612
23,19,25296
23,20,25244
23,21,24264
23,22,23936
23,23,22248
23,24,20016
23,25,19160
23,26,17640
23,27,16108
23,28,15360
23,29,14572
23,30,13740
23,31,12336
23,32,11608
23,33,10944
23,34,9560
23,35,9344
23,36,8652
23,37,7856
23,38,6952
23,39,6240
24,0,6780
24,1,7300
24,2,7980
24,3,8868
24,4,9708
24,5,10400
24,6,10936
24,7,12636
24,8,13632
24,9,14332
24,10,15592
24,11,16524
24,12,18112
24,13,19028
24,14,20200
24,15,22724
24,16,24720
24,17,25888
24,18,26660
24,19,26892
24,20,27748
24,21,26692
24,22,25732
24,23,23308
24,24,22256
24,25,20884
24,26,19532
24,27,17336
24,28,16264
24,29,15508
24,30,14092
24,31,13808
24,32,11860
24,33,11480
24,34,10668
24,35,9876
24,36,9032
24,37,8140
24,38,7236
24,39,6520
25,0,7580
25,1,7748
25,2,8784
25,3,9520
25,4,10148
25,5,10908
25,6,11828
25,7,12852
25,8,13620
25,9,15076
25,10,16736
25,11,18384
25,12,19500
25,13,20552
25,14,22160
25,15,24244
25,16,25192
25,17,26676
25,18,28424
25,19,28888
25,20,28676
25,21,28516
25,22,27200
25,23,24904
25,24,23200
25,25,22436
25,26,21284
25,27,19160
25,28,17400
25,29,16668
25,30,14892
25,31,14272
25,32,12940
25,33,11848
25,34,10920
25,35,9800
25,36,9244
25,37,8564
25,38,7352
25,39,7188
26,0,7648
26,1,8296
26,2,8600
26,3,9620
26,4,10532
26,5,11556
26,6,12432
26,7,13368
26,8,15100
26,9,16096
26,10,17704
26,11,18624
26,12,20176
26,13,21900
26,14,22964
26,15,24684
26,16,26512
26,17,28084
26,18,29664
26,19,30820
26,20,30268
26,21,29348
26,22,27900
26,23,25388
26,24,24448
26,25,23252
26,26,21688
26,27,20088
26,28,18420
26,29,17668
26,30,16044
26,31,14372
26,32,13192
26,33,12096
26,34,11376
26,35,10964
26,36,9504
26,37,8920
26,38,8268
26,39,7376
27,0,7624
27,1,8264
27,2,8760
27,3,10392
27,4,11348
27,5,11764
27,6,12876
27,7,14404
27,8,15356
27,9,16900
27,10,18016
27,11,19256
27,12,21040
27,13,22840
27,14,23960
27,15,25460
27,16,27724
27,17,30908
27,18,30840
27,19,31472
27,20,31560
27,21,31116
27,22,28816
27,23,27120
27,24,25312
27,25,23948
27,26,22180
27,27,20656
27,28,19316
27,29,17392
27,30,16832
27,31,15152
27,32,13544
27,33,12928
27,34,12408
27,35,10680
27,36,9828
27,37,9184
27,38,8652
27,39,7688
28,0,8168
28,1,9020
28,2,9732
28,3,10584
28,4,11436
28,5,12064
28,6,13088
28,7,14560
28,8,16028
28,9,17332
28,10,18432
28,11,19800
28,12,21292
28,13,23664
28,14,25036
28,15,26160
28,16,29044
28,17,30748
28,18,30972
28,19,31716
28,20,32244
28,21,31228
28,22,30664
28,23,28348
28,24,26960
28,25,24828
28,26,22476
28,27,21324
28,28,19840
28,29,18060
28,30,16200
28,31,15000
28,32,13988
28,33,12912
28,34,12244
28,35,11404
28,36,10236
28,37,9840
28,38,8836
28,39,7728
29,0,8268
29,1,9116
29,2,9764
29,3,10980
29,4,11520
29,5,12572
29,6,13908
29,7,14960
29,8,16604
29,9,17820
29,10,18908
29,11,20664
29,12,21428
29,13,23868
29,14,24788
29,15,26680
29,16,28948
29,17,30848
29,18,31392
29,19,32264
29,20,33352
29,21,32220
29,22,31020
29,23,29420
29,24,26984
29,25,24820
29,26,23696
29,27,21588
29,28,20112
29,29,18688
29,30,16716
29,31,15744
29,32,14680
29,33,13196
29,34,12512
29,35,11092
29,36,10624
29,37,9856
29,38,9476
29,39,7920
30,0,8392
30,1,8924
30,2,9840
30,3,10904
30,4,12108
30,5,12480
30,6,13772
30,7,15116
30,8,16068
30,9,17440
30,10,19064
30,11,20308
30,12,21776
30,13,23668
30,14,25272
30,15,27540
30,16,28892
30,17,30852
30,18,32276
30,19,33736
30,20,33284
30,21,33488
30,22,31644
30,23,29180
30,24,28136
30,25,25744
30,26,24116
30,27,21452
30,28,19676
30,29,18780
30,30,17352
30,31,15604
30,32,14452
30,33,13432
30,34,12480
30,35,11176
30,36,10344
30,37,9704
30,38,9048
30,39,8128
31,0,8344
31,1,8892
31,2,10108
31,3,10772
31,4,11416
31,5,12636
31,6,13336
31,7,15128
31,8,16284
31,9,18012
31,10,19508
31,11,20864
31,12,22060
31,13,23828
31,14,25244
31,15,27560
31,16,29552
31,17,31204
31,18,32656
31,19,33664
31,20,34348
31,21,34008
31,22,31812
31,23,29976
31,24,28164
31,25,25472
31,26,23740
31,27,22332
31,28,20552
31,29,19064
31,30,18068
31,31,16080
31,32,14728
31,33,13748
31,34,12764
31,35,11352
31,36,10628
31,37,9828
31,38,9136
31,39,8408
32,0,8472
32,1,9120
32,2,10024
32,3,11044
32,4,12096
32,5,13056
32,6,13972
32,7,14620
32,8,16592
32,9,17688
32,10,19068
32,11,20656
32,12,22604
32,13,23424
32,14,25528
32,15,27616
32,16,29824
32,17,31268
32,18,33180
32,19,33552
32,20,33988
32,21,33916
32,22,31684
32,23,29900
32,24,27800
32,25,26156
32,26,24032
32,27,22540
32,28,20664
32,29,19356
32,30,17796
32,31,16108
32,32,14480
32,33,13752
32,34,12948
32,35,12068
32,36,11040
32,37,10412
32,38,9384
32,39,8192
33,0,8380
33,1,8900
33,2,10332
33,3,10824
33,4,11908
33,5,12956
33,6,13936
33,7,14712
33,8,16452
33,9,17876
33,10,19564
33,11,21352
33,12,21880
33,13,23464
33,14,25048
33,15,27276
33,16,29272
33,17,31496
33,18,32584
33,19,33752
33,20,34300
33,21,33060
33,22,32056
33,23,29508
33,24,28676
33,25,26400
33,26,24416
33,27,22308
33,28,20608
33,29,18988
33,30,17924
33,31,16244
33,32,14712
33,33,13788
33,34,13460
33,35,11524
33,36,11112
33,37,10336
33,38,8892
33,39,8292
34,0,8128
34,1,9328
34,2,10116
34,3,10716
34,4,11904
34,5,13168
34,6,13400
34,7,15132
34,8,16296
34,9,17608
34,10,19812
34,11,21164
34,12,22072
34,13,23604
34,14,25512
34,15,27612
34,16,29080
34,17,30568
34,18,33036
34,19,33556
34,20,33228
34,21,33232
34,22,31044
34,23,29252
34,24,28136
34,25,26296
34,26,24336
34,27,21900
34,28,20016
34,29,18856
34,30,17468
34,31,16068
34,32,14912
34,33,13908
34,34,12536
34,35,12192
34,36,10756
34,37,10140
34,38,9260
34,39,8112
35,0,8572
35,1,9304
35,2,10220
35,3,11064
35,4,11944
35,5,13600
35,6,13964
35,7,14988
35,8,16616
35,9,17820
35,10,19032
35,11,20960
35,12,22052
35,13,23848
35,14,25440
35,15,26868
35,16,28428
35,17,30728
35,18,33168
35,19,32832
35,20,33628
35,21,32940
35,22,30956
35,23,28980
35,24,26412
35,25,25832
35,26,23532
35,27,21700
35,28,20140
35,29,18640
35,30,17352
35,31,15968
35,32,14876
35,33,13656
35,34,12788
35,35,11928
35,36,10784
35,37,9560
35,38,8840
35,39,7852
36,0,8548
36,1,9476
36,2,10324
36,3,10956
36,4,12092
36,5,13216
36,6,13840
36,7,15508
36,8,16944
36,9,18368
36,10,18532
36,11,20632
36,12,22764
36,13,23444
36,14,25068
36,15,26548
36,16,28340
36,17,30756
36,18,32016
36,19,33180
36,20,33360
36,21,32716
36,22,30768
36,23,28884
36,24,26880
36,25,25204
36,26,23100
36,27,21640
36,28,20156
36,29,19096
36,30,16884
36,31,15540
36,32,15380
36,33,13928
36,34,12572
36,35,11612
36,36,11032
36,37,9892
36,38,9160
36,39,8516
37,0,8396
37,1,9384
37,2,10076
37,3,11168
37,4,11700
37,5,12704
37,6,13944
37,7,14780
37,8,16008
37,9,17344
37,10,19244
37,11,21104
37,12,22068
37,13,22536
37,14,25340
37,15,26156
37,16,28432
37,17,30596
37,18,31532
37,19,32736
37,20,31752
37,21,31860
37,22,30636
37,23,28728
37,24,27412
37,25,24936
37,26,22684
37,27,21288
37,28,19776
37,29,18852
37,30,17404
37,31,16088
37,32,14940
37,33,13156
37,34,12468
37,35,11288
37,36,10388
37,37,10004
37,38,9052
37,39,8344
38,0,8632
38,1,9424
38,2,10148
38,3,11084
38,4,11972
38,5,12768
38,6,13920
38,7,14624
38,8,15976
38,9,17800
38,10,18996
38,11,20532
38,12,21320
38,13,22796
38,14,24256
38,15,26256
38,16,28420
38,17,30036
38,18,31944
38,19,32936
38,20,31876
38,21,30912
38,22,29652
38,23,28972
38,24,26356
38,25,24484
38,26,23500
38,27,21216
38,28,19640
38,29,18580
38,30,16492
38,31,15968
38,32,14904
38,33,13544
38,34,12660
38,35,11672
38,36,10972
38,37,10280
38,38,8604
38,39,8188
39,0,8660
39,1,9324
39,2,10200
39,3,11136
39,4,11788
39,5,12836
39,6,13648
39,7,14648
39,8,16052
39,9,17784
39,10,19020
39,11,20212
39,12,21404
39,13,22764
39,14,24104
39,15,25940
39,16,28564
39,17,30072
39,18,31864
39,19,33164
39,20,31712
39,21,31440
39,22,29364
39,23,28168
39,24,26688
39,25,24744
39,26,22896
39,27,21044
39,28,19200
39,29,18092
39,30,16428
39,31,15912
39,32,14816
39,33,13264
39,34,12508
39,35,11912
39,36,10620
39,37,10176
39,38,8880
39,39,8144
40,0,8636
40,1,9024
40,2,10164
40,3,10708
40,4,11560
40,5,12556
40,6,13740
40,7,14984
40,8,15668
40,9,17392
40,10,18780
40,11,19600
40,12,20704
40,13,22824
40,14,24508
40,15,26340
40,16,27504
40,17,29264
40,18,31196
40,19,32428
40,20,31724
40,21,31292
40,22,29576
40,23,28032
40,24,25588
40,25,24108
40,26,22616
40,27,20876
40,28,19400
40,29,17960
40,30,16460
40,31,15128
40,32,14612
40,33,13348
40,34,12632
40,35,11288
40,36,10388
40,37,9516
40,38,8780
40,39,8052
41,0,8552
41,1,8828
41,2,9604
41,3,10488
41,4,11560
41,5,12216
41,6,13508
41,7,14620
41,8,15520
41,9,16936
41,10,18976
41,11,19532
41,12,20524
41,13,22688
41,14,23708
41,15,25608
41,16,27404
41,17,28584
41,18,30436
41,19,31980
41,20,31540
41,21,30464
41,22,29332
41,23,27476
41,24,25780
41,25,24064
41,26,22844
41,27,21024
41,28,19076
41,29,17752
41,30,16496
41,31,15008
41,32,14160
41,33,13260
41,34,12688
41,35,11252
41,36,10840
41,37,10020
41,38,9008
41,39,8068
42,0,7972
42,1,8616
42,2,9552
42,3,10340
42,4,11216
42,5,12048
42,6,12928
42,7,14288
42,8,15260
42,9,16664
42,10,17572
42,11,18744
42,12,20716
42,13,21948
42,14,23916
42,15,25096
42,16,26736
42,17,28512
42,18,30416
42,19,31488
42,20,31284
42,21,29816
42,22,28216
42,23,26216
42,24,26264
42,25,23456
42,26,22236
42,27,20552
42,28,19380
42,29,17748
42,30,16244
42,31,15460
42,32,13716
42,33,13352
42,34,12056
42,35,11644
42,36,10888
42,37,9420
42,38,9048
42,39,8192
43,0,8208
43,1,8368
43,2,9448
43,3,10264
43,4,11664
43,5,11732
43,6,12856
43,7,14244
43,8,15388
43,9,16564
43,10,17924
43,11,18896
43,12,20328
43,13,22064
43,14,23496
43,15,24764
43,16,26644
43,17,28440
43,18,29732
43,19,30804
43,20,30424
43,21,29968
43,22,28644
43,23,26548
43,24,24912
43,25,23584
43,26,20620
43,27,20028
43,28,19148
43,29,17348
43,30,15976
43,31,15264
43,32,14128
43,33,12688
43,34,12104
43,35,11488
43,36,10580
43,37,9652
43,38,8620
43,39,8096
44,0,8032
44,1,8636
44,2,9316
44,3,9992
44,4,10840
44,5,12248
44,6,12888
44,7,13844
44,8,15388
44,9,16324
44,10,17920
44,11,18888
44,12,20000
44,13,21724
44,14,23244
44,15,24896
44,16,25904
44,17,28296
44,18,29256
44,19,30656
44,20,30576
44,21,28856
44,22,27864
44,23,26176
44,24,24884
44,25,22856
44,26,21852
44,27,20036
44,28,18388
44,29,17440
44,30,16016
44,31,14904
44,32,13864
44,33,12648
44,34,11924
44,35,11512
44,36,10276
44,37,9104
44,38,8432
44,39,7956
45,0,8104
45,1,8748
45,2,9124
45,3,9976
45,4,11156
45,5,12036
45,6,12808
45,7,13848
45,8,15288
45,9,16584
45,10,17576
45,11,18576
45,12,20160
45,13,21748
45,14,23276
45,15,24720
45,16,25692
45,17,27944
45,18,28840
45,19,29848
45,20,30084
45,21,29536
45,22,27680
45,23,25512
45,24,25172
45,25,23400
45,26,20568
45,27,20068
45,28,18760
45,29,16944
45,30,16008
45,31,14832
45,32,13728
45,33,12728
45,34,12356
45,35,11308
45,36,9952
45,37,9264
45,38,8520
45,39,7956
46,0,7824
46,1,8448
46,2,9032
46,3,9816
46,4,11036
46,5,11856
46,6,12612
46,7,13584
46,8,14768
46,9,15920
46,10,17272
46,11,18928
46,12,19724
46,13,21292
46,14,22772
46,15,24412
46,16,26116
46,17,27492
46,18,29072
46,19,30228
46,20,30460
46,21,28924
46,22,26856
46,23,25228
46,24,24344
46,25,22824
46,26,20832
46,27,19708
46,28,17652
46,29,16692
46,30,15584
46,31,14684
46,32,13400
46,33,12348
46,34,11684
46,35,10876
46,36,10108
46,37,9008
46,38,8276
46,39,7948
47,0,7632
47,1,8160
47,2,9100
47,3,10120
47,4,10968
47,5,11736
47,6,12420
47,7,13540
47,8,13920
47,9,15852
47,10,16956
47,11,18312
47,12,20020
47,13,21192
47,14,22108
47,15,23928
47,16,25200
47,17,27212
47,18,29040
47,19,29680
47,20,30536
47,21,28164
47,22,27760
47,23,25644
47,24,23812
47,25,22680
47,26,20920
47,27,19296
47,28,18464
47,29,16796
47,30,15648
47,31,14396
47,32,12772
47,33,12404
47,34,10868
47,35,10372
47,36,9424
47,37,8744
47,38,8368
47,39,7720
48,0,7624
48,1,8388
48,2,9032
48,3,9632
48,4,10376
48,5,11556
48,6,12448
48,7,13044
48,8,14612
48,9,15704
48,10,17140
48,11,18144
48,12,20012
48,13,20840
48,14,22144
48,15,23468
48,16,25412
48,17,27296
48,18,28584
48,19,29384
48,20,29280
48,21,27880
48,22,26436
48,23,25712
48,24,23532
48,25,22464
48,26,20344
48,27,19872
48,28,17756
48,29,16804
48,30,15368
48,31,14020
48,32,13100
48,33,12120
48,34,11528
48,35,10512
48,36,9688
48,37,9216
48,38,8264
48,39,7352
49,0,7656
49,1,8348
49,2,8752
49,3,9792
49,4,10688
49,5,11224
49,6,12084
49,7,13252
49,8,14364
49,9,15912
49,10,16808
49,11,17980
49,12,19660
49,13,20156
49,14,21692
49,15,23440
49,16,25476
49,17,26572
49,18,27756
49,19,28168
49,20,28472
49,21,27836
49,22,26568
49,23,25204
49,24,24016
49,25,22220
49,26,20488
49,27,19820
49,28,18020
49,29,16624
49,30,15204
49,31,13980
49,32,12756
49,33,12300
49,34,11192
49,35,10420
49,36,9436
49,37,8600
49,38,7980
49,39,7572
50,0,7904
50,1,8084
50,2,8660
50,3,9364
50,4,10360
50,5,11220
50,6,12088
50,7,13268
50,8,14396
50,9,15968
50,10,16496
50,11,17752
50,12,19156
50,13,20700
50,14,21476
50,15,23036
50,16,24820
50,17,25864
50,18,28024
50,19,27908
50,20,28232
50,21,27828
50,22,26800
50,23,24976
50,24,24000
50,25,22352
50,26,20348
50,27,18872
50,28,18088
50,29,15904
50,30,14776
50,31,13816
50,32,12704
50,33,11756
50,34,11276
50,35,10076
50,36,9404
50,37,8696
50,38,7784
50,39,7316
51,0,7368
51,1,7912
51,2,8408
51,3,9432
51,4,10248
51,5,11144
51,6,12120
51,7,13036
51,8,14112
51,9,14704
51,10,16388
51,11,17248
51,12,19052
51,13,20768
51,14,21172
51,15,22836
51,16,24712
51,17,26540
51,18,27132
51,19,27852
51,20,28952
51,21,27612
51,22,26116
51,23,24816
51,24,23084
51,25,21568
51,26,20232
51,27,18924
51,28,17368
51,29,15864
51,30,14928
51,31,13620
51,32,12404
51,33,11716
51,34,10964
51,35,10404
51,36,8904
51,37,8600
51,38,7508
51,39,7120
52,0,7048
52,1,7664
52,2,8540
52,3,8960
52,4,9820
52,5,10980
52,6,12388
52,7,13180
52,8,14132
52,9,15348
52,10,16112
52,11,16772
52,12,18480
52,13,19960
52,14,21080
52,15,22640
52,16,24500
52,17,26144
52,18,27744
52,19,28600
52,20,27932
52,21,27980
52,22,25880
52,23,24436
52,24,23048
52,25,21380
52,26,20440
52,27,18480
52,28,17040
52,29,15868
52,30,15112
52,31,13712
52,32,12276
52,33,11464
52,34,10728
52,35,9884
52,36,8816
52,37,8416
52,38,8012
52,39,6844
53,0,7304
53,1,7596
53,2,7984
53,3,9188
53,4,9884
53,5,10696
53,6,11588
53,7,12904
53,8,13860
53,9,15072
53,10,15696
53,11,16776
53,12,18608
53,13,19504
53,14,20944
53,15,22512
53,16,24020
53,17,25800
53,18,26996
53,19,27760
53,20,28020
53,21,26704
53,22,26288
53,23,24616
53,24,23084
53,25,21064
53,26,19816
53,27,18608
53,28,16984
53,29,15132
53,30,14256
53,31,13588
53,32,12652
53,33,11440
53,34,10508
53,35,9732
53,36,9124
53,37,8348
53,38,7692
53,39,7244
54,0,6912
54,1,7916
54,2,8364
54,3,9008
54,4,9900
54,5,10776
54,6,11316
54,7,12520
54,8,13180
54,9,14544
54,10,16128
54,11,16696
54,12,18076
54,13,19364
54,14,20764
54,15,22384
54,16,23428
54,17,25452
54,18,27072
54,19,28120
54,20,28052
54,21,27196
54,22,25680
54,23,24040
54,24,22732
54,25,21000
54,26,18992
54,27,17808
54,28,16588
54,29,15112
54,30,14564
54,31,13596
54,32,12592
54,33,11380
54,34,10612
54,35,9728
54,36,9540
54,37,8240
54,38,7316
54,39,6908
55,0,6872
55,1,7596
55,2,8312
55,3,8672
55,4,9760
55,5,10184
55,6,11196
55,7,12084
55,8,13260
55,9,14240
55,10,15788
55,11,16716
55,12,17876
55,13,19028
55,14,21520
55,15,22612
55,16,23760
55,17,25512
55,18,26156
55,19,27724
55,20,28192
55,21,27204
55,22,25052
55,23,23568
55,24,22124
55,25,20728
55,26,18900
55,27,17296
55,28,16736
55,29,15192
55,30,14216
55,31,13472
55,32,12396
55,33,11276
55,34,10828
55,35,9884
55,36,9016
55,37,8264
55,38,7620
55,39,6884
56,0,7032
56,1,7484
56,2,8252
56,3,8936
56,4,9476
56,5,10376
56,6,11036
56,7,11980
56,8,12968
56,9,14288
56,10,15548
56,11,16384
56,12,17760
56,13,19168
56,14,20536
56,15,22344
56,16,23092
56,17,25384
56,18,26772
56,19,27732
56,20,27788
56,21,25884
56,22,24484
56,23,24048
56,24,21372
56,25,19920
56,26,18568
56,27,17084
56,28,16204
56,29,15044
56,30,14716
56,31,13472
56,32,12160
56,33,10916
56,34,10512
56,35,9424
56,36,8788
56,37,7804
56,38,7620
56,39,6948
57,0,6964
57,1,7460
57,2,8064
57,3,8512
57,4,9168
57,5,9908
57,6,11272
57,7,12352
57,8,13208
57,9,14072
57,10,14856
57,11,16552
57,12,18024
57,13,19036
57,14,21076
57,15,21592
57,16,23656
57,17,24336
57,18,26840
57,19,27704
57,20,27384
57,21,26612
57,22,24944
57,23,23968
57,24,21696
57,25,20244
57,26,18552
57,27,17020
57,28,15964
57,29,15168
57,30,13880
57,31,12892
57,32,11908
57,33,11008
57,34,10352
57,35,9320
57,36,8840
57,37,8224
57,38,7524
57,39,7064
58,0,6960
58,1,7108
58,2,7896
58,3,8588
58,4,9424
58,5,10160
58,6,11180
58,7,12352
58,8,13176
58,9,13800
58,10,15036
58,11,16392
58,12,17796
58,13,18760
58,14,20348
58,15,20960
58,16,22364
58,17,24792
58,18,25516
58,19,27384
58,20,27832
58,21,25656
58,22,24484
58,23,23292
58,24,21736
58,25,19580
58,26,18284
58,27,16892
58,28,15964
58,29,15172
58,30,14116
58,31,13020
58,32,12152
58,33,11076
58,34,10240
58,35,9520
58,36,8568
58,37,8112
58,38,7180
58,39,6576
59,0,6916
59,1,7272
59,2,7892
59,3,8472
59,4,9100
59,5,9920
59,6,11116
59,7,11840
59,8,12636
59,9,13696
59,10,15000
59,11,16196
59,12,17240
59,13,19036
59,14,20524
59,15,21596
59,16,22476
59,17,24752
59,18,26452
59,19,27496
59,20,27116
59,21,25284
59,22,24396
59,23,23440
59,24,21752
59,25,20204
59,26,18232
59,27,16784
59,28,16148
59,29,14500
59,30,14056
59,31,12924
59,32,12216
59,33,10980
59,34,10232
59,35,9348
59,36,8576
59,37,7844
59,38,7444
59,39,7040
60,0,6644
60,1,7088
60,2,8044
60,3,8416
60,4,9212
60,5,9732
60,6,10616
60,7,11928
60,8,12476
60,9,13152
60,10,14448
60,11,15744
60,12,17048
60,13,18784
60,14,20036
60,15,21108
60,16,22048
60,17,24840
60,18,25616
60,19,27196
60,20,26996
60,21,25204
60,22,23648
60,23,22740
60,24,21412
60,25,19704
60,26,18152
60,27,17820
60,28,15688
60,29,14460
60,30,13336
60,31,12060
60,32,11692
60,33,10636
60,34,10496
60,35,8892
60,36,8540
60,37,7532
60,38,7108
60,39,6492
61,0,6496
61,1,6804
61,2,7672
61,3,8500
61,4,8784
61,5,9872
61,6,10668
61,7,11672
61,8,12584
61,9,13264
61,10,14616
61,11,16060
61,12,17424
61,13,18864
61,14,20148
61,15,21256
61,16,21944
61,17,24080
61,18,26256
61,19,26100
61,20,26832
61,21,24532
61,22,23144
61,23,22804
61,24,20732
61,25,19616
61,26,18136
61,27,16572
61,28,15356
61,29,14236
61,30,13100
61,31,12108
61,32,11732
61,33,11020
61,34,9856
61,35,9128
61,36,8192
61,37,7868
61,38,7116
61,39,6048
62,0,6456
62,1,7248
62,2,7776
62,3,8608
62,4,9060
62,5,9412
62,6,10500
62,7,11760
62,8,12216
62,9,13460
62,10,14704
62,11,15440
62,12,16480
62,13,18048
62,14,19596
62,15,20840
62,16,22556
62,17,24068
62,18,26140
62,19,26516
62,20,26892
62,21,25668
62,22,23668
62,23,23128
62,24,21032
62,25,18988
62,26,17780
62,27,15980
62,28,15408
62,29,14200
62,30,12912
62,31,12192
62,32,11380
62,33,10380
62,34,9700
62,35,9224
62,36,8280
62,37,7848
62,38,6936
62,39,6180
63,0,6712
63,1,7108
63,2,7672
63,3,8292
63,4,8940
63,5,9372
63,6,10736
63,7,11340
63,8,12312
63,9,13576
63,10,14692
63,11,16080
63,12,16904
63,13,18104
63,14,19596
63,15,20416
63,16,22624
63,17,23180
63,18,26348
63,19,26504
63,20,25876
63,21,25036
63,22,23332
63,23,22748
63,24,21232
63,25,18572
63,26,17624
63,27,16032
63,28,15484
63,29,14284
63,30,12576
63,31,11924
63,32,11112
63,33,10172
63,34,9468
63,35,8720
63,36,8128
63,37,7692
63,38,6792
63,39,6116
64,0,6252
64,1,7008
64,2,7356
64,3,8008
64,4,8776
64,5,9456
64,6,10132
64,7,11300
64,8,12360
64,9,13428
64,10,14220
64,11,15932
64,12,16656
64,13,17968
64,14,18740
64,15,19992
64,16,21808
64,17,23940
64,18,25612
64,19,26800
64,20,25384
64,21,23824
64,22,23784
64,23,21812
64,24,20908
64,25,19220
64,26,17792
64,27,16888
64,28,14848
64,29,14152
64,30,12844
64,31,12148
64,32,11384
64,33,10656
64,34,9588
64,35,8728
64,36,7816
64,37,7412
64,38,6776
64,39,6256
65,0,6164
65,1,6548
65,2,7284
65,3,7800
65,4,8436
65,5,9084
65,6,9644
65,7,11316
65,8,12164
65,9,12860
65,10,14052
65,11,15388
65,12,16400
65,13,17888
65,14,18948
65,15,20200
65,16,21604
65,17,24048
65,18,25320
65,19,25888
65,20,25192
65,21,24548
65,22,23612
65,23,21592
65,24,19980
65,25,18736
65,26,17760
65,27,16172
65,28,15044
65,29,13872
65,30,12552
65,31,11300
65,32,10792
65,33,9916
65,34,9368
65,35,8208
65,36,7716
65,37,7484
65,38,6904
65,39,6076
66,0,5768
66,1,6500
66,2,7160
66,3,7640
66,4,8188
66,5,8808
66,6,10084
66,7,10676
66,8,12076
66,9,13216
66,10,13764
66,11,15372
66,12,16584
66,13,17832
66,14,19020
66,15,20100
66,16,21768
66,17,23588
66,18,24936
66,19,26084
66,20,25924
66,21,24588
66,22,23032
66,23,22080
66,24,20368
66,25,18564
66,26,18096
66,27,16064
66,28,15196
66,29,14076
66,30,13060
66,31,11788
66,32,10944
66,33,10332
66,34,9144
66,35,8520
66,36,7724
66,37,6880
66,38,6476
66,39,6148
67,0,6092
67,1,6660
67,2,7284
67,3,7664
67,4,8528
67,5,9012
67,6,10144
67,7,10744
67,8,11636
67,9,12600
67,10,14064
67,11,15040
67,12,16400
67,13,17520
67,14,19572
67,15,20772
67,16,21760
67,17,23096
67,18,24080
67,19,25704
67,20,25484
67,21,24788
67,22,22944
67,23,22016
67,24,20368
67,25,18528
67,26,17192
67,27,15876
67,28,15192
67,29,13552
67,30,12356
67,31,11496
67,32,11036
67,33,10048
67,34,9084
67,35,7768
67,36,7828
67,37,7148
67,38,6256
67,39,6136
68,0,6040
68,1,6144
68,2,7000
68,3,7644
68,4,8316
68,5,9524
68,6,9928
68,7,11024
68,8,11196
68,9,12608
68,10,14072
68,11,14708
68,12,16372
68,13,17200
68,14,19032
68,15,19752
68,16,21716
68,17,23360
68,18,24572
68,19,25584
68,20,25996
68,21,25420
68,22,22204
68,23,21428
68,24,20348
68,25,18716
68,26,17088
68,27,15796
68,28,14604
68,29,13632
68,30,12340
68,31,11200
68,32,10928
68,33,9736
68,34,8852
68,35,8664
68,36,7472
68,37,7012
68,38,6440
68,39,6000
69,0,5676
69,1,6316
69,2,6960
69,3,7588
69,4,8216
69,5,8848
69,6,9928
69,7,10812
69,8,11748
69,9,12332
69,10,14064
69,11,15288
69,12,16028
69,13,17568
69,14,19036
69,15,19968
69,16,21344
69,17,23060
69,18,24296
69,19,25040
69,20,25208
69,21,24020
69,22,23668
69,23,21752
69,24,20544
69,25,18256
69,26,17240
69,27,15948
69,28,14340
69,29,13276
69,30,12180
69,31,11340
69,32,10440
69,33,9456
69,34,8712
69,35,7824
69,36,7516
69,37,6672
69,38,6268
69,39,5568
70,0,5900
70,1,6080
70,2,6916
70,3,7404
70,4,8292
70,5,9088
70,6,9732
70,7,10780
70,8,11940
70,9,12876
70,10,13564
70,11,14896
70,12,15920
70,13,17120
70,14,17972
70,15,19692
70,16,21388
70,17,22764
70,18,24408
70,19,25620
70,20,24904
70,21,24320
70,22,22152
70,23,21716
70,24,20204
70,25,18608
70,26,17444
70,27,15276
70,28,14080
70,29,13488
70,30,12336
70,31,10980
70,32,10536
70,33,9544
70,34,8928
70,35,8032
70,36,6988
70,37,6640
70,38,6380
70,39,5896
71,0,5548
71,1,6268
71,2,6388
71,3,7520
71,4,7852
71,5,8736
71,6,9528
71,7,10648
71,8,11616
71,9,12292
71,10,13876
71,11,15032
71,12,15648
71,13,17132
71,14,18508
71,15,20272
71,16,21248
71,17,22928
71,18,23896
71,19,25348
71,20,25044
71,21,24344
71,22,22768
71,23,21276
71,24,19368
71,25,18640
71,26,16896
71,27,15540
71,28,14120
71,29,13300
71,30,12464
71,31,11528
71,32,10216
71,33,9312
71,34,8864
71,35,7812
71,36,7584
71,37,6692
71,38,6164
71,39,5988
72,0,5792
72,1,6200
72,2,6760
72,3,7472
72,4,8192
72,5,8456
72,6,9676
72,7,10372
72,8,11548
72,9,12100
72,10,12844
72,11,14836
72,12,15864
72,13,16796
72,14,18240
72,15,19456
72,16,20956
72,17,23356
72,18,24560
72,19,25104
72,20,25088
72,21,23136
72,22,22544
72,23,20956
72,24,19396
72,25,18120
72,26,17052
72,27,15272
72,28,13896
72,29,12768
72,30,12432
72,31,11276
72,32,10104
72,33,9460
72,34,8760
72,35,7748
72,36,7324
72,37,6732
72,38,6196
72,39,5800
73,0,5768
73,1,5976
73,2,6948
73,3,7544
73,4,7764
73,5,8640
73,6,9720
73,7,10424
73,8,11276
73,9,12044
73,10,12708
73,11,14356
73,12,15564
73,13,17132
73,14,18196
73,15,19740
73,16,20168
73,17,22404
73,18,23780
73,19,25192
73,20,24948
73,21,23412
73,22,22200
73,23,21132
73,24,19620
73,25,17824
73,26,16432
73,27,15308
73,28,14384
73,29,12896
73,30,12156
73,31,11956
73,32,10388
73,33,9628
73,34,8308
73,35,7792
73,36,6904
73,37,6700
73,38,6024
73,39,5812
74,0,5524
74,1,6240
74,2,6456
74,3,7096
74,4,7452
74,5,8748
74,6,9420
74,7,9596
74,8,11372
74,9,12084
74,10,12428
74,11,14080
74,12,16160
74,13,17132
74,14,18560
74,15,19376
74,16,20960
74,17,21984
74,18,23432
74,19,24680
74,20,24952
74,21,23448
74,22,21728
74,23,21380
74,24,19544
74,25,17864
74,26,16572
74,27,15268
74,28,13976
74,29,13308
74,30,12084
74,31,11284
74,32,10632
74,33,9324
74,34,8676
74,35,7912
74,36,6956
74,37,6668
74,38,5884
74,39,5512
75,0,5772
75,1,6124
75,2,6476
75,3,7332
75,4,7752
75,5,8728
75,6,8840
75,7,10016
75,8,10724
75,9,11620
75,10,12304
75,11,14216
75,12,15632
75,13,16060
75,14,17592
75,15,19416
75,16,20852
75,17,22136
75,18,24244
75,19,24804
75,20,24804
75,21,24220
75,22,22376
75,23,20452
75,24,18656
75,25,18148
75,26,16404
75,27,15280
75,28,14080
75,29,13256
75,30,11784
75,31,11748
75,32,10752
75,33,9724
75,34,8408
75,35,7980
75,36,7080
75,37,6408
75,38,6268
75,39,5408
76,0,5736
76,1,6084
76,2,6532
76,3,7364
76,4,7708
76,5,8404
76,6,9060
76,7,9828
76,8,10672
76,9,11820
76,10,12888
76,11,14380
76,12,15260
76,13,16420
76,14,17652
76,15,19048
76,16,21316
76,17,22388
76,18,23580
76,19,24824
76,20,24452
76,21,22960
76,22,22364
76,23,20880
76,24,19120
76,25,18156
76,26,16456
76,27,14928
76,28,13656
76,29,12372
76,30,11464
76,31,10824
76,32,9948
76,33,9100
76,34,8516
76,35,7684
76,36,7128
76,37,6496
76,38,5952
76,39,5400
77,0,5352
77,1,6044
77,2,6396
77,3,6624
77,4,7884
77,5,8048
77,6,9316
77,7,9660
77,8,10220
77,9,12020
77,10,13352
77,11,13920
77,12,15172
77,13,15836
77,14,17292
77,15,19040
77,16,20400
77,17,21724
77,18,23528
77,19,24528
77,20,24556
77,21,23260
77,22,22548
77,23,20768
77,24,19384
77,25,17684
77,26,16664
77,27,15096
77,28,13452
77,29,12968
77,30,11068
77,31,10596
77,32,9676
77,33,8752
77,34,8428
77,35,7620
77,36,6784
77,37,6336
77,38,6024
77,39,5180
78,0,5360
78,1,5616
78,2,6152
78,3,7180
78,4,7364
78,5,8424
78,6,8704
78,7,9460
78,8,10528
78,9,11876
78,10,12676
78,11,13732
78,12,14620
78,13,15724
78,14,17612
78,15,18864
78,16,20636
78,17,22176
78,18,24000
78,19,23976
78,20,25100
78,21,23580
78,22,22432
78,23,21180
78,24,19088
78,25,17500
78,26,16148
78,27,14736
78,28,13760
78,29,12220
78,30,11588
78,31,10272
78,32,9424
78,33,8976
78,34,8192
78,35,7844
78,36,7044
78,37,6320
78,38,5868
78,39,5204
79,0,5240
79,1,5800
79,2,5992
79,3,6768
79,4,7468
79,5,8032
79,6,9008
79,7,9928
79,8,10320
79,9,11484
79,10,12888
79,11,13912
79,12,15080
79,13,15484
79,14,16964
79,15,18540
79,16,20416
79,17,22148
79,18,23480
79,19,24428
79,20,24996
79,21,23696
79,22,21888
79,23,20468
79,24,19404
79,25,17908
79,26,16628
79,27,14820
79,28,13676
79,29,12200
79,30,11504
79,31,10476
79,32,9336
79,33,8956
79,34,8264
79,35,7272
79,36,6648
79,37,6164
79,38,5556
79,39,5428
80,0,5420
80,1,5772
80,2,6064
80,3,6404
80,4,7520
80,5,7952
80,6,8824
80,7,9540
80,8,10364
80,9,11660
80,10,12576
80,11,13400
80,12,15340
80,13,16080
80,14,17416
80,15,19084
80,16,20040
80,17,21064
80,18,23244
80,19,24648
80,20,25416
80,21,23708
80,22,21692
80,23,19908
80,24,19080
80,25,17132
80,26,16004
80,27,14376
80,28,12800
80,29,12104
80,30,11344
80,31,10396
80,32,9288
80,33,8964
80,34,8076
80,35,7284
80,36,6812
80,37,6048
80,38,5620
80,39,5348
81,0,5156
81,1,5488
81,2,5948
81,3,6908
81,4,6996
81,5,8320
81,6,8412
81,7,9824
81,8,10496
81,9,11668
81,10,12552
81,11,13744
81,12,14888
81,13,16576
81,14,17784
81,15,19160
81,16,20080
81,17,21632
81,18,23596
81,19,23852
81,20,24020
81,21,22616
81,22,21668
81,23,20252
81,24,18584
81,25,16956
81,26,15984
81,27,14380
81,28,13384
81,29,11808
81,30,11316
81,31,10288
81,32,8932
81,33,8560
81,34,8148
81,35,7152
81,36,6580
81,37,6008
81,38,5488
81,39,5044
82,0,5188
82,1,5756
82,2,6028
82,3,6536
82,4,7580
82,5,7996
82,6,8480
82,7,9500
82,8,10372
82,9,11540
82,10,12856
82,11,13508
82,12,14976
82,13,16732
82,14,17376
82,15,19532
82,16,20552
82,17,22424
82,18,23432
82,19,24604
82,20,24744
82,21,22924
82,22,21160
82,23,20168
82,24,18356
82,25,16584
82,26,15532
82,27,14548
82,28,13044
82,29,12108
82,30,11468
82,31,10688
82,32,9536
82,33,8856
82,34,7676
82,35,7080
82,36,6404
82,37,5940
82,38,5504
82,39,5032
83,0,5184
83,1,5568
83,2,6020
83,3,6660
83,4,7144
83,5,8012
83,6,8696
83,7,9532
83,8,10488
83,9,11496
83,10,12544
83,11,13464
83,12,14624
83,13,15908
83,14,16896
83,15,18788
83,16,20604
83,17,22188
83,18,23388
83,19,24372
83,20,24904
83,21,23360
83,22,21624
83,23,19304
83,24,18788
83,25,17340
83,26,15312
83,27,13968
83,28,12532
83,29,12144
83,30,11216
83,31,10260
83,32,9196
83,33,8520
83,34,7676
83,35,7068
83,36,6376
83,37,6184
83,38,5332
83,39,5124
84,0,5188
84,1,5608
84,2,5936
84,3,6312
84,4,7048
84,5,7456
84,6,8524
84,7,9520
84,8,10920
84,9,11392
84,10,12208
84,11,13612
84,12,14200
84,13,15656
84,14,16800
84,15,18692
84,16,20132
84,17,21400
84,18,23820
84,19,24932
84,20,24704
84,21,23016
84,22,21732
84,23,20008
84,24,17792
84,25,16908
84,26,15436
84,27,14192
84,28,12440
84,29,11588
84,30,10548
84,31,10232
84,32,9284
84,33,8176
84,34,8132
84,35,6988
84,36,6444
84,37,5772
84,38,5408
84,39,4940
85,0,5212
85,1,5376
85,2,6088
85,3,6632
85,4,7308
85,5,7848
85,6,8336
85,7,9300
85,8,10348
85,9,11692
85,10,12104
85,11,12832
85,12,14140
85,13,15316
85,14,16788
85,15,18448
85,16,19664
85,17,21752
85,18,22868
85,19,24288
85,20,24396
85,21,23084
85,22,21996
85,23,20308
85,24,18304
85,25,16856
85,26,15908
85,27,13960
85,28,12892
85,29,11912
85,30,10656
85,31,9380
85,32,9308
85,33,8468
85,34,7456
85,35,6780
85,36,5976
85,37,5952
85,38,5440
85,39,4872
86,0,4884
86,1,5280
86,2,5940
86,3,6384
86,4,6748
86,5,7964
86,6,8368
86,7,8864
86,8,9968
86,9,10856
86,10,11764
86,11,12712
86,12,14748
86,13,15120
86,14,16220
86,15,17912
86,16,19836
86,17,21104
86,18,22920
86,19,23824
86,20,24328
86,21,23108
86,22,21888
86,23,20456
86,24,18408
86,25,17140
86,26,15376
86,27,13780
86,28,12780
86,29,11676
86,30,10856
86,31,9944
86,32,9236
86,33,8448
86,34,7660
86,35,6808
86,36,6268
86,37,5844
86,38,5224
86,39,4832
87,0,5144
87,1,5292
87,2,5768
87,3,6248
87,4,6788
87,5,7764
87,6,8372
87,7,9364
87,8,9504
87,9,10812
87,10,12020
87,11,12692
87,12,13912
87,13,15544
87,14,16860
87,15,18284
87,16,19792
87,17,21060
87,18,23636
87,19,24352
87,20,24988
87,21,22920
87,22,21500
87,23,20556
87,24,18764
87,25,16708
87,26,14568
87,27,13992
87,28,13168
87,29,11508
87,30,10388
87,31,9976
87,32,8888
87,33,8456
87,34,7524
87,35,6756
87,36,6480
87,37,5708
87,38,5384
87,39,4836
88,0,4904
88,1,5448
88,2,5684
88,3,6516
88,4,6772
88,5,7412
88,6,8096
88,7,9096
88,8,10076
88,9,10828
88,10,11672
88,11,12364
88,12,14168
88,13,15432
88,14,16124
88,15,18160
88,16,19660
88,17,20700
88,18,24020
88,19,24444
88,20,24868
88,21,22856
88,22,21472
88,23,19976
88,24,18940
88,25,16520
88,26,14688
88,27,13648
88,28,12448
88,29,11500
88,30,10608
88,31,10284
88,32,9096
88,33,8256
88,34,7416
88,35,7032
88,36,6024
88,37,5472
88,38,5404
88,39,4672
89,0,4840
89,1,5284
89,2,5660
89,3,6132
89,4,6520
89,5,7268
89,6,8176
89,7,8820
89,8,9832
89,9,10516
89,10,11252
89,11,12272
89,12,13820
89,13,15200
89,14,16436
89,15,18064
89,16,19312
89,17,21588
89,18,22552
89,19,24708
89,20,24780
89,21,22944
89,22,21436
89,23,19904
89,24,18208
89,25,16668
89,26,14920
89,27,13608
89,28,12596
89,29,11496
89,30,10204
89,31,10124
89,32,8904
89,33,8092
89,34,7136
89,35,6492
89,36,6092
89,37,5588
89,38,5276
89,39,4864
90,0,4604
90,1,4960
90,2,5404
90,3,6192
90,4,6284
90,5,6972
90,6,7904
90,7,8340
90,8,9408
90,9,10040
90,10,11268
90,11,12988
90,12,13816
90,13,14788
90,14,16276
90,15,18204
90,16,19440
90,17,21180
90,18,22620
90,19,24236
90,20,24588
90,21,23072
90,22,21288
90,23,19576
90,24,18284
90,25,16412
90,26,15024
90,27,13488
90,28,12576
90,29,11452
90,30,10604
90,31,9292
90,32,8948
90,33,7812
90,34,6800
90,35,6476
90,36,5980
90,37,5480
90,38,4928
90,39,4860
91,0,4728
91,1,5060
91,2,5668
91,3,6052
91,4,6476
91,5,7160
91,6,7776
91,7,8376
91,8,9716
91,9,10292
91,10,11840
91,11,12408
91,12,13724
91,13,15812
91,14,16528
91,15,18508
91,16,19388
91,17,21140
91,18,22512
91,19,24676
91,20,24524
91,21,23092
91,22,21252
91,23,19952
91,24,17980
91,25,16500
91,26,15112
91,27,13676
91,28,12364
91,29,11524
91,30,10444
91,31,9324
91,32,8556
91,33,7484
91,34,7268
91,35,6608
91,36,6116
91,37,5656
91,38,5084
91,39,4680
92,0,4316
92,1,5072
92,2,5448
92,3,6252
92,4,6756
92,5,7284
92,6,7920
92,7,8712
92,8,9728
92,9,10516
92,10,11516
92,11,11936
92,12,13208
92,13,14788
92,14,16216
92,15,17812
92,16,19124
92,17,21516
92,18,22796
92,19,24264
92,20,23900
92,21,23212
92,22,20920
92,23,19572
92,24,17312
92,25,16264
92,26,14844
92,27,13612
92,28,12320
92,29,11264
92,30,10364
92,31,9508
92,32,8800
92,33,7704
92,34,6964
92,35,6164
92,36,5892
92,37,5528
92,38,4880
92,39,4512
93,0,4672
93,1,4892
93,2,5560
93,3,6068
93,4,6484
93,5,7128
93,6,7944
93,7,8844
93,8,9728
93,9,10828
93,10,11216
93,11,12212
93,12,13368
93,13,15172
93,14,16800
93,15,17656
93,16,19192
93,17,21224
93,18,22400
93,19,23720
93,20,24248
93,21,22624
93,22,21388
93,23,19420
93,24,17216
93,25,15468
93,26,15052
93,27,13620
93,28,12484
93,29,11296
93,30,10324
93,31,9416
93,32,8392
93,33,7412
93,34,7204
93,35,6104
93,36,5912
93,37,5384
93,38,4880
93,39,4512
94,0,4488
94,1,5020
94,2,5404
94,3,5776
94,4,6588
94,5,7104
94,6,7572
94,7,8560
94,8,9676
94,9,10296
94,10,11428
94,11,12284
94,12,14232
94,13,14960
94,14,16804
94,15,18376
94,16,19740
94,17,21184
94,18,22512
94,19,23924
94,20,23516
94,21,22292
94,22,21672
94,23,19524
94,24,17404
94,25,16164
94,26,14668
94,27,13428
94,28,11872
94,29,11240
94,30,9836
94,31,8884
94,32,8568
94,33,7860
94,34,7060
94,35,6440
94,36,5852
94,37,5332
94,38,4880
94,39,4780
95,0,4432
95,1,5064
95,2,5612
95,3,5828
95,4,6252
95,5,6808
95,6,7656
95,7,8520
95,8,9112
95,9,10176
95,10,11032
95,11,12556
95,12,13284
95,13,15372
95,14,16232
95,15,17276
95,16,19396
95,17,21104
95,18,22980
95,19,23256
95,20,23744
95,21,22196
95,22,20392
95,23,20100
95,24,17516
95,25,15660
95,26,14412
95,27,13132
95,28,11780
95,29,11100
95,30,9808
95,31,9196
95,32,8160
95,33,7532
95,34,7008
95,35,5940
95,36,5588
95,37,5268
95,38,4908
95,39,4632
96,0,4496
96,1,4992
96,2,5544
96,3,5732
96,4,6472
96,5,6756
96,6,7328
96,7,8104
96,8,9456
96,9,9980
96,10,10932
96,11,12852
96,12,13740
96,13,15160
96,14,16672
96,15,18048
96,16,18784
96,17,20640
96,18,22480
96,19,23544
96,20,24488
96,21,22628
96,22,21256
96,23,19076
96,24,17276
96,25,15216
96,26,14548
96,27,12972
96,28,11832
96,29,11000
96,30,10032
96,31,9172
96,32,8000
96,33,7380
96,34,6780
96,35,6352
96,36,5624
96,37,5184
96,38,4768
96,39,4316
97,0,4316
97,1,4880
97,2,5112
97,3,5860
97,4,6340
97,5,6692
97,6,7516
97,7,8228
97,8,8968
97,9,10072
97,10,11136
97,11,12500
97,12,13940
97,13,15156
97,14,16640
97,15,17496
97,16,19156
97,17,20856
97,18,21784
97,19,23072
97,20,23848
97,21,22556
97,22,21064
97,23,19508
97,24,17320
97,25,15536
97,26,14556
97,27,12668
97,28,11524
97,29,10636
97,30,9968
97,31,9052
97,32,7880
97,33,7264
97,34,6628
97,35,6312
97,36,5776
97,37,5240
97,38,4880
97,39,4376
98,0,4256
98,1,4844
98,2,5344
98,3,5696
98,4,6036
98,5,6804
98,6,6912
98,7,8260
98,8,9012
98,9,9944
98,10,11112
98,11,12212
98,12,13220
98,13,14544
98,14,15908
98,15,17248
98,16,18548
98,17,20264
98,18,22132
98,19,23324
98,20,24284
98,21,22412
98,22,20776
98,23,19768
98,24,17436
98,25,16348
98,26,14844
98,27,13668
98,28,11832
98,29,11200
98,30,9960
98,31,8932
98,32,8132
98,33,7844
98,34,7000
98,35,6304
98,36,5832
98,37,5280
98,38,4908
98,39,4364
99,0,4388
99,1,4584
99,2,5068
99,3,5296
99,4,6348
99,5,6608
99,6,7428
99,7,7888
99,8,8936
99,9,10012
99,10,10600
99,11,12316
99,12,13088
99,13,14196
99,14,15684
99,15,17360
99,16,18888
99,17,20652
99,18,22584
99,19,23620
99,20,23660
99,21,22368
99,22,20676
99,23,19124
99,24,17460
99,25,15668
99,26,14392
99,27,13540
99,28,11492
99,29,10684
99,30,9924
99,31,9116
99,32,8112
99,33,7468
99,34,6664
99,35,6212
99,36,5596
99,37,5312
99,38,4860
99,39,4416
100,0,4380
100,1,4652
100,2,4992
100,3,5376
100,4,5856
100,5,6652
100,6,7620
100,7,8204
100,8,8916
100,9,9988
100,10,10676
100,11,12200
100,12,12664
100,13,14508
100,14,15796
100,15,17020
100,16,18976
100,17,20552
100,18,22664
100,19,24392
100,20,24808
100,21,22556
100,22,20960
100,23,19740
100,24,17836
100,25,16116
100,26,14524
100,27,13268
100,28,11824
100,29,10600
100,30,9472
100,31,8924
100,32,8064
100,33,7080
100,34,6460
100,35,6036
100,36,5560
100,37,4996
100,38,4636
100,39,4456
101,0,4484
101,1,4432
101,2,5096
101,3,5516
101,4,5760
101,5,6536
101,6,7216
101,7,8140
101,8,8792
101,9,9496
101,10,10472
101,11,11796
101,12,12932
101,13,14636
101,14,16204
101,15,17336
101,16,19180
101,17,21204
101,18,22716
101,19,24004
101,20,24676
101,21,22896
101,22,21020
101,23,18976
101,24,16968
101,25,15440
101,26,14356
101,27,13184
101,28,11328
101,29,10508
101,30,9540
101,31,8604
101,32,7984
101,33,7132
101,34,6480
101,35,5860
101,36,5272
101,37,5032
101,38,4600
101,39,4300
102,0,3936
102,1,4464
102,2,4840
102,3,5584
102,4,6096
102,5,6768
102,6,6880
102,7,7932
102,8,8468
102,9,9812
102,10,10544
102,11,11556
102,12,13336
102,13,14060
102,14,15188
102,15,17092
102,16,18564
102,17,21080
102,18,22920
102,19,23888
102,20,24224
102,21,22604
102,22,21432
102,23,19040
102,24,17068
102,25,14804
102,26,14148
102,27,12696
102,28,11416
102,29,10448
102,30,9876
102,31,8700
102,32,8060
102,33,7104
102,34,6644
102,35,5912
102,36,5388
102,37,5044
102,38,4568
102,39,3996
103,0,4076
103,1,4252
103,2,4712
103,3,5144
103,4,5780
103,5,6448
103,6,6948
103,7,7296
103,8,8328
103,9,9532
103,10,10060
103,11,11076
103,12,12440
103,13,13648
103,14,15292
103,15,17012
103,16,18260
103,17,21152
103,18,22428
103,19,24024
103,20,24276
103,21,22912
103,22,21904
103,23,18464
103,24,16936
103,25,15368
103,26,13960
103,27,13084
103,28,11240
103,29,10772
103,30,9784
103,31,8508
103,32,8080
103,33,7100
103,34,6540
103,35,5876
103,36,5192
103,37,5060
103,38,4556
103,39,4368
104,0,4224
104,1,4376
104,2,4892
104,3,5360
104,4,5764
104,5,6404
104,6,6832
104,7,7516
104,8,8268
104,9,9160
104,10,10488
104,11,11384
104,12,12740
104,13,13864
104,14,15056
104,15,16520
104,16,18580
104,17,20224
104,18,22212
104,19,23452
104,20,24332
104,21,22800
104,22,21156
104,23,18540
104,24,17016
104,25,15700
104,26,14560
104,27,12916
104,28,11632
104,29,10304
104,30,9392
104,31,8356
104,32,7728
104,33,7000
104,34,6552
104,35,5836
104,36,5248
104,37,4708
104,38,4592
104,39,4080
105,0,4232
105,1,4516
105,2,5028
105,3,5240
105,4,5948
105,5,6504
105,6,7092
105,7,7472
105,8,8456
105,9,9332
105,10,10556
105,11,11312
105,12,12524
105,13,14024
105,14,15368
105,15,16776
105,16,18720
105,17,20180
105,18,22052
105,19,23628
105,20,25244
105,21,22820
105,22,20400
105,23,18668
105,24,17100
105,25,14772
105,26,13696
105,27,12564
105,28,11540
105,29,10264
105,30,9148
105,31,8380
105,32,7296
105,33,6924
105,34,6452
105,35,5952
105,36,5592
105,37,5088
105,38,4632
105,39,4156
106,0,4108
106,1,4500
106,2,4872
106,3,5112
106,4,5816
106,5,6484
106,6,6936
106,7,7484
106,8,8208
106,9,8908
106,10,10040
106,11,11380
106,12,12576
106,13,14048
106,14,15348
106,15,17048
106,16,19180
106,17,20808
106,18,21644
106,19,24032
106,20,25036
106,21,22444
106,22,20656
106,23,18612
106,24,16844
106,25,14996
106,26,13896
106,27,12672
106,28,11556
106,29,10420
106,30,9164
106,31,8320
106,32,7244
106,33,6684
106,34,6304
106,35,5612
106,36,5216
106,37,4728
106,38,4696
106,39,4256
107,0,4052
107,1,4616
107,2,4680
107,3,5044
107,4,5588
107,5,5832
107,6,6736
107,7,7544
107,8,8172
107,9,9340
107,10,9800
107,11,10940
107,12,12384
107,13,13952
107,14,15372
107,15,16960
107,16,18676
107,17,20908
107,18,22800
107,19,24088
107,20,25172
107,21,22596
107,22,21100
107,23,18736
107,24,16908
107,25,15476
107,26,13352
107,27,12388
107,28,11404
107,29,10204
107,30,9068
107,31,8188
107,32,7284
107,33,6800
107,34,5824
107,35,5664
107,36,5320
107,37,4816
107,38,4488
107,39,4152
108,0,4200
108,1,4260
108,2,4600
108,3,5072
108,4,5480
108,5,6104
108,6,6816
108,7,7576
108,8,8572
108,9,9124
108,10,10036
108,11,11608
108,12,12352
108,13,13688
108,14,15148
108,15,17020
108,16,18504
108,17,20532
108,18,22544
108,19,23988
108,20,24636
108,21,22984
108,22,20752
108,23,18764
108,24,17520
108,25,15076
108,26,13436
108,27,12348
108,28,10720
108,29,10156
108,30,8728
108,31,7848
108,32,7444
108,33,6504
108,34,6092
108,35,5632
108,36,4924
108,37,4748
108,38,4600
108,39,4148
109,0,4112
109,1,4484
109,2,4700
109,3,5068
109,4,5568
109,5,6016
109,6,6840
109,7,7508
109,8,8000
109,9,9288
109,10,10276
109,11,11220
109,12,12616
109,13,13564
109,14,15072
109,15,17152
109,16,18308
109,17,20548
109,18,22596
109,19,24048
109,20,23968
109,21,22232
109,22,20572
109,23,18968
109,24,17012
109,25,15236
109,26,14048
109,27,12372
109,28,11284
109,29,9996
109,30,8980
109,31,8204
109,32,7376
109,33,6616
109,34,6060
109,35,5680
109,36,5240
109,37,4836
109,38,4364
109,39,3884
110,0,3804
110,1,3944
110,2,4628
110,3,4872
110,4,5556
110,5,5908
110,6,6400
110,7,7160
110,8,8344
110,9,9088
110,10,10080
110,11,11008
110,12,12356
110,13,13580
110,14,15212
110,15,16588
110,16,19116
110,17,20056
110,18,21872
110,19,24456
110,20,24064
110,21,22348
110,22,20112
110,23,18612
110,24,16928
110,25,15244
110,26,13480
110,27,12096
110,28,11576
110,29,10172
110,30,9100
110,31,7964
110,32,7420
110,33,6644
110,34,5724
110,35,5324
110,36,4932
110,37,4516
110,38,4072
110,39,3864
111,0,3776
111,1,4192
111,2,4636
111,3,4876
111,4,5424
111,5,5828
111,6,6468
111,7,7420
111,8,8264
111,9,8648
111,10,9952
111,11,10556
111,12,12108
111,13,13860
111,14,14484
111,15,16812
111,16,18032
111,17,19960
111,18,22060
111,19,23904
111,20,23676
111,21,21984
111,22,20528
111,23,18212
111,24,17032
111,25,15152
111,26,13244
111,27,11940
111,28,10784
111,29,10132
111,30,8732
111,31,7848
111,32,7380
111,33,6552
111,34,5792
111,35,5384
111,36,4824
111,37,4536
111,38,4208
111,39,3984
112,0,3904
112,1,4456
112,2,4552
112,3,4964
112,4,5252
112,5,5772
112,6,6532
112,7,7232
112,8,7940
112,9,8832
112,10,9928
112,11,11224
112,12,12308
112,13,13180
112,14,14584
112,15,16580
112,16,18008
112,17,20364
112,18,22404
112,19,22788
112,20,23624
112,21,22236
112,22,19980
112,23,18768
112,24,16348
112,25,14824
112,26,13728
112,27,12356
112,28,10580
112,29,9636
112,30,8568
112,31,7636
112,32,6880
112,33,6388
112,34,5820
112,35,5292
112,36,4760
112,37,4684
112,38,4204
112,39,3908
113,0,4016
113,1,4108
113,2,4516
113,3,4672
113,4,5284
113,5,6068
113,6,6480
113,7,7296
113,8,8000
113,9,8608
113,10,9540
113,11,10884
113,12,12288
113,13,12808
113,14,14720
113,15,16392
113,16,18940
113,17,20152
113,18,21996
113,19,24240
113,20,23912
113,21,22276
113,22,20576
113,23,18228
113,24,15868
113,25,15852
113,26,13004
113,27,12076
113,28,10776
113,29,10260
113,30,8492
113,31,7532
113,32,7188
113,33,6136
113,34,5644
113,35,5360
113,36,4780
113,37,4224
113,38,3916
113,39,3748
114,0,3980
114,1,4256
114,2,4576
114,3,4828
114,4,5560
114,5,5972
114,6,6580
114,7,7104
114,8,7728
114,9,8728
114,10,9548
114,11,10716
114,12,11372
114,13,13372
114,14,14584
114,15,16704
114,16,19044
114,17,20864
114,18,21708
114,19,23800
114,20,24040
114,21,21824
114,22,20204
114,23,18320
114,24,16768
114,25,15236
114,26,13768
114,27,12156
114,28,10648
114,29,9828
114,30,8328
114,31,7800
114,32,6848
114,33,6352
114,34,5548
114,35,5020
114,36,4768
114,37,4464
114,38,4020
114,39,3632
115,0,3828
115,1,4360
115,2,4500
115,3,5188
115,4,5516
115,5,5696
115,6,6264
115,7,7072
115,8,7528
115,9,8260
115,10,9380
115,11,10368
115,12,12244
115,13,13564
115,14,14288
115,15,16456
115,16,18500
115,17,20640
115,18,22112
115,19,23920
115,20,23716
115,21,22120
115,22,20008
115,23,18352
115,24,16092
115,25,14480
115,26,13420
115,27,12004
115,28,10344
115,29,9580
115,30,8664
115,31,7608
115,32,6616
115,33,6296
115,34,5752
115,35,5184
115,36,4936
115,37,4392
115,38,4004
115,39,3736
116,0,3868
116,1,4112
116,2,4428
116,3,4912
116,4,5100
116,5,5708
116,6,5944
116,7,6744
116,8,7528
116,9,8780
116,10,9416
116,11,10680
116,12,12224
116,13,13380
116,14,14208
116,15,16612
116,16,18632
116,17,20672
116,18,21572
116,19,24056
116,20,24136
116,21,22008
116,22,20024
116,23,17640
116,24,15548
116,25,14760
116,26,13224
116,27,11340
116,28,10296
116,29,9264
116,30,8396
116,31,7752
116,32,6884
116,33,6168
116,34,5712
116,35,5316
116,36,4832
116,37,4320
116,38,3808
116,39,3616
117,0,3972
117,1,4236
117,2,4500
117,3,4888
117,4,4840
117,5,5512
117,6,6268
117,7,6724
117,8,7712
117,9,8704
117,10,9492
117,11,10544
117,12,11704
117,13,12788
117,14,14348
117,15,16224
117,16,17892
117,17,20216
117,18,22016
117,19,23508
117,20,23540
117,21,22256
117,22,20412
117,23,18388
117,24,16072
117,25,14688
117,26,12868
117,27,11816
117,28,10296
117,29,9208
117,30,7956
117,31,7656
117,32,6628
117,33,6308
117,34,5596
117,35,5084
117,36,4580
117,37,4380
117,38,3960
117,39,3980
118,0,3608
118,1,4128
118,2,4484
118,3,4612
118,4,5100
118,5,5620
118,6,6076
118,7,6868
118,8,7484
118,9,8436
118,10,9420
118,11,10240
118,12,11876
118,13,12748
118,14,14316
118,15,16188
118,16,18112
118,17,19948
118,18,22076
118,19,24840
118,20,24388
118,21,22356
118,22,20468
118,23,18116
118,24,16276
118,25,14276
118,26,13536
118,27,11732
118,28,9996
118,29,8936
118,30,8320
118,31,7632
118,32,6952
118,33,6100
118,34,5604
118,35,5372
118,36,4700
118,37,4116
118,38,3768
118,39,3644
119,0,3620
119,1,4096
119,2,4284
119,3,4688
119,4,5092
119,5,5560
119,6,6444
119,7,6692
119,8,7256
119,9,7908
119,10,8656
119,11,10180
119,12,11636
119,13,12740
119,14,14316
119,15,16356
119,16,17880
119,17,19232
119,18,21732
119,19,23584
119,20,23688
119,21,22544
119,22,19860
119,23,17928
119,24,16428
119,25,14728
119,26,13064
119,27,11816
119,28,10452
119,29,9124
119,30,8320
119,31,7596
119,32,6836
119,33,6264
119,34,5708
119,35,4712
119,36,4696
119,37,4284
119,38,3924
119,39,3504
120,0,3516
120,1,3960
120,2,4048
120,3,4564
120,4,5144
120,5,5680
120,6,6192
120,7,6552
120,8,7248
120,9,8076
120,10,8756
120,11,9964
120,12,11428
120,13,12956
120,14,14504
120,15,15924
120,16,18116
120,17,20360
120,18,21916
120,19,24760
120,20,24752
120,21,22560
120,22,20028
120,23,17904
120,24,16416
120,25,14056
120,26,12716
120,27,11048
120,28,10160
120,29,9056
120,30,8120
120,31,7184
120,32,6964
120,33,5952
120,34,5636
120,35,5120
120,36,4612
120,37,4148
120,38,4176
120,39,3552
121,0,3664
121,1,3908
121,2,4284
121,3,4540
121,4,4708
121,5,5548
121,6,6124
121,7,6672
121,8,7568
121,9,8032
121,10,8556
121,11,9960
121,12,11240
121,13,12408
121,14,14528
121,15,15836
121,16,17804
121,17,18564
121,18,21800
121,19,23932
121,20,24796
121,21,22428
121,22,20356
121,23,18164
121,24,16236
121,25,14296
121,26,12904
121,27,11164
121,28,10092
121,29,8808
121,30,8180
121,31,7472
121,32,6540
121,33,5960
121,34,5352
121,35,4976
121,36,4488
121,37,4444
121,38,3856
121,39,3740
122,0,3632
122,1,3900
122,2,4192
122,3,4836
122,4,4904
122,5,5464
122,6,5772
122,7,6524
122,8,7244
122,9,8224
122,10,8728
122,11,9828
122,12,10964
122,13,12484
122,14,14344
122,15,15796
122,16,17556
122,17,19272
122,18,21568
122,19,24396
122,20,24652
122,21,22108
122,22,19880
122,23,18404
122,24,15992
122,25,14776
122,26,13000
122,27,11316
122,28,10032
122,29,9068
122,30,8248
122,31,7324
122,32,6656
122,33,5792
122,34,5504
122,35,5056
122,36,4832
122,37,3964
122,38,3676
122,39,3512
123,0,3640
123,1,3776
123,2,4280
123,3,4572
123,4,4948
123,5,5492
123,6,5600
123,7,6168
123,8,7212
123,9,8032
123,10,9048
123,11,9832
123,12,11072
123,13,12292
123,14,13912
123,15,15312
123,16,17716
123,17,19436
123,18,21548
123,19,24844
123,20,24132
123,21,22292
123,22,19504
123,23,17872
123,24,16444
123,25,13744
123,26,12580
123,27,11312
123,28,9556
123,29,9180
123,30,7996
123,31,6892
123,32,6572
123,33,5692
123,34,5300
123,35,5032
123,36,4392
123,37,4136
123,38,3948
123,39,3360
124,0,3620
124,1,3924
124,2,4316
124,3,4504
124,4,4812
124,5,5272
124,6,5904
124,7,6576
124,8,7200
124,9,7900
124,10,8988
124,11,10000
124,12,11060
124,13,12124
124,14,13720
124,15,16004
124,16,17340
124,17,19400
124,18,21880
124,19,24492
124,20,23776
124,21,22928
124,22,19296
124,23,18064
124,24,15768
124,25,13760
124,26,12788
124,27,11300
124,28,10300
124,29,9084
124,30,8020
124,31,7060
124,32,6568
124,33,6104
124,34,5352
124,35,4916
124,36,4592
124,37,4100
124,38,3732
124,39,3580
125,0,3356
125,1,3856
125,2,4196
125,3,4428
125,4,4992
125,5,5520
125,6,6056
125,7,6392
125,8,6908
125,9,7848
125,10,8836
125,11,10052
125,12,10948
125,13,12416
125,14,14360
125,15,15360
125,16,17732
125,17,19472
125,18,21932
125,19,23912
125,20,24196
125,21,21784
125,22,20408
125,23,18052
125,24,15976
125,25,13880
125,26,12844
125,27,11144
125,28,9992
125,29,8816
125,30,7876
125,31,7196
125,32,6364
125,33,6004
125,34,5280
125,35,4960
125,36,4588
125,37,4000
125,38,3732
125,39,3352
126,0,3584
126,1,3704
126,2,4116
126,3,4636
126,4,4900
126,5,5328
126,6,5920
126,7,6504
126,8,6904
126,9,7920
126,10,8324
126,11,9492
126,12,10916
126,13,12116
126,14,14080
126,15,15748
126,16,17372
126,17,19384
126,18,21628
126,19,23900
126,20,23760
126,21,21336
126,22,19636
126,23,17712
126,24,15796
126,25,13848
126,26,12624
126,27,11040
126,28,9608
126,29,8552
126,30,8148
126,31,7052
126,32,6176
126,33,5808
126,34,5432
126,35,4892
126,36,4424
126,37,4144
126,38,3552
126,39,3348
127,0,3752
127,1,4080
127,2,4108
127,3,4540
127,4,4804
127,5,5088
127,6,5468
127,7,5988
127,8,6944
127,9,8292
127,10,8712
127,11,9444
127,12,10976
127,13,11704
127,14,13868
127,15,15316
127,16,18120
127,17,20344
127,18,21756
127,19,24988
127,20,25388
127,21,22724
127,22,19376
127,23,18020
127,24,15604
127,25,13440
127,26,12256
127,27,10908
127,28,9444
127,29,8668
127,30,7772
127,31,7328
127,32,6216
127,33,6052
127,34,5376
127,35,4824
127,36,4752
127,37,4468
127,38,3868
127,39,3688
128,0,3404
128,1,3760
128,2,4016
128,3,4496
128,4,4880
128,5,5128
128,6,5668
128,7,6392
128,8,6696
128,9,7600
128,10,8268
128,11,9252
128,12,10384
128,13,12440
128,14,14136
128,15,16208
128,16,17672
128,17,20208
128,18,22224
128,19,24240
128,20,25068
128,21,22520
128,22,19596
128,23,17756
128,24,15568
128,25,14080
128,26,12624
128,27,10916
128,28,9956
128,29,8500
128,30,7524
128,31,6904
128,32,6152
128,33,5532
128,34,5136
128,35,4984
128,36,4212
128,37,3980
128,38,3872
128,39,3484
129,0,3400
129,1,3740
129,2,3992
129,3,4128
129,4,4672
129,5,5132
129,6,5636
129,7,6264
129,8,6624
129,9,7484
129,10,8196
129,11,9680
129,12,10756
129,13,12360
129,14,13640
129,15,16220
129,16,17568
129,17,19412
129,18,21980
129,19,24188
129,20,24640
129,21,21756
129,22,20160
129,23,17308
129,24,15524
129,25,13944
129,26,12112
129,27,10460
129,28,9716
129,29,8760
129,30,7712
129,31,7104
129,32,6240
129,33,5696
129,34,5348
129,35,4644
129,36,4248
129,37,4076
129,38,3696
129,39,3296
130,0,3336
130,1,3756
130,2,4036
130,3,4212
130,4,4648
130,5,5068
130,6,5300
130,7,6040
130,8,6812
130,9,7412
130,10,8364
130,11,9084
130,12,10732
130,13,11888
130,14,13640
130,15,15408
130,16,17320
130,17,19880
130,18,21656
130,19,24684
130,20,24604
130,21,22120
130,22,19880
130,23,17788
130,24,15168
130,25,13384
130,26,12224
130,27,10820
130,28,9852
130,29,8628
130,30,7640
130,31,6568
130,32,5960
130,33,5916
130,34,5056
130,35,4816
130,36,4556
130,37,3896
130,38,3636
130,39,3220
131,0,3320
131,1,3688
131,2,3920
131,3,4324
131,4,4800
131,5,5240
131,6,5804
131,7,6196
131,8,6808
131,9,7352
131,10,8368
131,11,9664
131,12,10452
131,13,11700
131,14,13304
131,15,15304
131,16,17888
131,17,19688
131,18,21656
131,19,23876
131,20,24228
131,21,22000
131,22,20328
131,23,17948
131,24,14868
131,25,13592
131,26,12000
131,27,10764
131,28,9596
131,29,8320
131,30,7484
131,31,6868
131,32,6192
131,33,5492
131,34,5120
131,35,4764
131,36,4428
131,37,4000
131,38,3764
131,39,3588
132,0,3296
132,1,3392
132,2,3964
132,3,4208
132,4,4672
132,5,4964
132,6,5396
132,7,5964
132,8,6672
132,9,7404
132,10,8120
132,11,9388
132,12,9864
132,13,11920
132,14,13128
132,15,15124
132,16,17728
132,17,18920
132,18,21728
132,19,23896
132,20,24076
132,21,22328
132,22,19784
132,23,17228
132,24,15284
132,25,13064
132,26,11476
132,27,10336
132,28,9116
132,29,8432
132,30,7360
132,31,6784
132,32,6188
132,33,5604
132,34,4924
132,35,4612
132,36,4216
132,37,3872
132,38,3616
132,39,3256
133,0,3396
133,1,3632
133,2,3960
133,3,4376
133,4,4472
133,5,4892
133,6,5440
133,7,5952
133,8,6624
133,9,7208
133,10,8008
133,11,9176
133,12,9992
133,13,11380
133,14,13144
133,15,14736
133,16,17048
133,17,19640
133,18,21912
133,19,24348
133,20,24432
133,21,22768
133,22,19744
133,23,17336
133,24,14756
133,25,13228
133,26,12336
133,27,10904
133,28,9588
133,29,7936
133,30,7240
133,31,6472
133,32,5828
133,33,5240
133,34,4880
133,35,4632
133,36,4316
133,37,4024
133,38,3508
133,39,3300
134,0,3320
134,1,3360
134,2,3816
134,3,4352
134,4,4616
134,5,5340
134,6,5556
134,7,5920
134,8,6744
134,9,7456
134,10,8148
134,11,8620
134,12,9816
134,13,11268
134,14,12896
134,15,15276
134,16,17836
134,17,18924
134,18,22088
134,19,25012
134,20,25184
134,21,22436
134,22,19580
134,23,16988
134,24,14996
134,25,13188
134,26,11960
134,27,10264
134,28,8836
134,29,7948
134,30,7280
134,31,6432
134,32,6104
134,33,5528
134,34,5060
134,35,4808
134,36,4056
134,37,3740
134,38,3372
134,39,3148
135,0,3220
135,1,3408
135,2,3996
135,3,4212
135,4,4656
135,5,5016
135,6,5456
135,7,5812
135,8,6736
135,9,7168
135,10,8332
135,11,8972
135,12,10284
135,13,11676
135,14,13512
135,15,15500
135,16,17216
135,17,20040
135,18,22292
135,19,24568
135,20,25716
135,21,22524
135,22,20316
135,23,17228
135,24,14648
135,25,13296
135,26,11956
135,27,10404
135,28,9112
135,29,8100
135,30,7348
135,31,6584
135,32,5752
135,33,5236
135,34,5032
135,35,4364
135,36,4000
135,37,3832
135,38,3660
135,39,3116
136,0,3116
136,1,3468
136,2,3792
136,3,4196
136,4,4680
136,5,5052
136,6,5380
136,7,5740
136,8,6420
136,9,7080
136,10,7888
136,11,9220
136,12,10240
136,13,11332
136,14,13156
136,15,15252
136,16,17532
136,17,19836
136,18,22692
136,19,25144
136,20,24908
136,21,21772
136,22,19328
136,23,16824
136,24,15188
136,25,13088
136,26,11316
136,27,10036
136,28,9344
136,29,8204
136,30,7128
136,31,6212
136,32,5620
136,33,5264
136,34,4760
136,35,4420
136,36,4220
136,37,3560
136,38,3496
136,39,3340
137,0,3296
137,1,3660
137,2,3712
137,3,4148
137,4,4428
137,5,4908
137,6,5328
137,7,5800
137,8,6252
137,9,7336
137,10,7764
137,11,8816
137,12,9860
137,13,10880
137,14,12908
137,15,15092
137,16,17012
137,17,19356
137,18,22624
137,19,25100
137,20,25312
137,21,22216
137,22,19256
137,23,16860
137,24,14612
137,25,13220
137,26,11292
137,27,10060
137,28,8992
137,29,8096
137,30,7236
137,31,6232
137,32,5788
137,33,5244
137,34,4908
137,35,4404
137,36,3924
137,37,3744
137,38,3428
137,39,3252
138,0,3264
138,1,3548
138,2,3532
138,3,4088
138,4,4332
138,5,4968
138,6,5440
138,7,6064
138,8,6668
138,9,6988
138,10,7476
138,11,8764
138,12,9968
138,13,11172
138,14,12916
138,15,15416
138,16,17640
138,17,19832
138,18,21848
138,19,24860
138,20,25704
138,21,22512
138,22,19700
138,23,16748
138,24,14692
138,25,12784
138,26,11420
138,27,9996
138,28,8868
138,29,7920
138,30,7256
138,31,6536
138,32,5664
138,33,5124
138,34,4752
138,35,4160
138,36,4164
138,37,3856
138,38,3592
138,39,3336
139,0,3044
139,1,3448
139,2,3560
139,3,4008
139,4,4288
139,5,4544
139,6,5220
139,7,5592
139,8,6404
139,9,7044
139,10,7940
139,11,9032
139,12,9596
139,13,11148
139,14,12772
139,15,14604
139,16,17192
139,17,19536
139,18,22140
139,19,25272
139,20,25396
139,21,21724
139,22,19208
139,23,16892
139,24,15100
139,25,12972
139,26,11228
139,27,9664
139,28,8688
139,29,7964
139,30,6812
139,31,6332
139,32,5584
139,33,5148
139,34,4996
139,35,4156
139,36,3736
139,37,3592
139,38,3284
139,39,3244
140,0,3212
140,1,3504
140,2,3708
140,3,3820
140,4,4452
140,5,4784
140,6,5336
140,7,5460
140,8,6224
140,9,6872
140,10,7972
140,11,8864
140,12,9700
140,13,11520
140,14,12920
140,15,15152
140,16,17368
140,17,19796
140,18,22768
140,19,25868
140,20,25696
140,21,22288
140,22,18904
140,23,17368
140,24,14404
140,25,13064
140,26,11112
140,27,9996
140,28,8812
140,29,7704
140,30,7052
140,31,6368
140,32,5884
140,33,5276
140,34,4816
140,35,4376
140,36,4016
140,37,3640
140,38,3324
140,39,3036
141,0,3296
141,1,3428
141,2,3620
141,3,3816
141,4,4464
141,5,4804
141,6,5116
141,7,5680
141,8,6236
141,9,6876
141,10,7860
141,11,8440
141,12,9976
141,13,11308
141,14,12680
141,15,15164
141,16,16868
141,17,20328
141,18,22540
141,19,25504
141,20,26920
141,21,22484
141,22,19236
141,23,16640
141,24,14848
141,25,12648
141,26,11208
141,27,9892
141,28,8744
141,29,7496
141,30,6696
141,31,6180
141,32,5928
141,33,4948
141,34,4732
141,35,4020
141,36,3628
141,37,3696
141,38,3428
141,39,3024
142,0,3096
142,1,3440
142,2,3536
142,3,4028
142,4,4352
142,5,4704
142,6,5088
142,7,5980
142,8,6216
142,9,6780
142,10,7380
142,11,8740
142,12,9924
142,13,11140
142,14,12784
142,15,14000
142,16,17136
142,17,20288
142,18,22784
142,19,25336
142,20,25500
142,21,22824
142,22,19500
142,23,17004
142,24,15036
142,25,12148
142,26,11056
142,27,9944
142,28,8516
142,29,7760
142,30,6792
142,31,6212
142,32,5392
142,33,5192
142,34,4456
142,35,4368
142,36,4104
142,37,3436
142,38,3372
142,39,2960
143,0,2976
143,1,3260
143,2,3540
143,3,3952
143,4,4304
143,5,4392
143,6,5096
143,7,5336
143,8,6260
143,9,6864
143,10,7880
143,11,8712
143,12,9608
143,13,11176
143,14,12556
143,15,14476
143,16,17132
143,17,20200
143,18,22668
143,19,26320
143,20,26168
143,21,22148
143,22,19300
143,23,16252
143,24,14448
143,25,12596
143,26,11016
143,27,9636
143,28,8672
143,29,7260
143,30,6620
143,31,5712
143,32,5480
143,33,4888
143,34,4636
143,35,4428
143,36,3892
143,37,3332
143,38,3068
143,39,3136
144,0,3076
144,1,3308
144,2,3708
144,3,3996
144,4,4140
144,5,4344
144,6,4812
144,7,5228
144,8,6160
144,9,6676
144,10,7304
144,11,8228
144,12,9212
144,13,10564
144,14,12716
144,15,14592
144,16,17008
144,17,20104
144,18,22532
144,19,25796
144,20,26544
144,21,22356
144,22,19192
144,23,15652
144,24,14056
144,25,12652
144,26,10772
144,27,9100
144,28,8168
144,29,7396
144,30,6796
144,31,5844
144,32,5492
144,33,5068
144,34,4728
144,35,4116
144,36,3668
144,37,3408
144,38,3124
144,39,2868
145,0,3020
145,1,3408
145,2,3468
145,3,3872
145,4,4288
145,5,4576
145,6,5212
145,7,5508
145,8,5900
145,9,6528
145,10,7164
145,11,8340
145,12,9408
145,13,10704
145,14,12528
145,15,14408
145,16,17292
145,17,19656
145,18,23180
145,19,26372
145,20,25400
145,21,22348
145,22,18900
145,23,15984
145,24,13928
145,25,11740
145,26,10504
145,27,9044
145,28,8184
145,29,7628
145,30,6548
145,31,6152
145,32,5652
145,33,4944
145,34,4584
145,35,4232
145,36,3944
145,37,3460
145,38,3428
145,39,3048
146,0,3076
146,1,3420
146,2,3776
146,3,3628
146,4,4060
146,5,4620
146,6,4872
146,7,5476
146,8,5976
146,9,6276
146,10,7488
146,11,8492
146,12,9568
146,13,10904
146,14,12584
146,15,14224
146,16,16336
146,17,19584
146,18,22564
146,19,26132
146,20,25928
146,21,22356
146,22,18936
146,23,16516
146,24,13672
146,25,11648
146,26,10480
146,27,9168
146,28,8112
146,29,7516
146,30,6660
146,31,5916
146,32,5280
146,33,4884
146,34,4544
146,35,4132
146,36,3988
146,37,3616
146,38,3076
146,39,2952
147,0,2848
147,1,3124
147,2,3444
147,3,4008
147,4,4144
147,5,4680
147,6,4832
147,7,5652
147,8,6080
147,9,6596
147,10,7092
147,11,8196
147,12,9252
147,13,10380
147,14,12120
147,15,13800
147,16,16904
147,17,19152
147,18,21908
147,19,25960
147,20,26600
147,21,23056
147,22,19012
147,23,16024
147,24,14116
147,25,12016
147,26,10336
147,27,8936
147,28,8072
147,29,7384
147,30,6620
147,31,6200
147,32,5528
147,33,4820
147,34,4668
147,35,4388
147,36,3860
147,37,3612
147,38,3432
147,39,2948
148,0,3024
148,1,3040
148,2,3428
148,3,3616
148,4,4076
148,5,4632
148,6,4876
148,7,5300
148,8,5768
148,9,6628
148,10,7164
148,11,7980
148,12,8880
148,13,10540
148,14,11884
148,15,14280
148,16,16704
148,17,18976
148,18,22564
148,19,26228
148,20,26824
148,21,22648
148,22,19264
148,23,16180
148,24,13684
148,25,12256
148,26,10528
148,27,9028
148,28,8300
148,29,7468
148,30,6664
148,31,6028
148,32,5768
148,33,4804
148,34,4668
148,35,4140
148,36,3748
148,37,3564
148,38,3364
148,39,2964
149,0,2868
149,1,3220
149,2,3500
149,3,3716
149,4,4136
149,5,4488
149,6,4744
149,7,5260
149,8,5960
149,9,6824
149,10,7252
149,11,8012
149,12,9228
149,13,10348
149,14,12052
149,15,14572
149,16,16768
149,17,19516
149,18,22324
149,19,26340
149,20,26524
149,21,23568
149,22,19244
149,23,16348
149,24,13560
149,25,11872
149,26,9976
149,27,8952
149,28,7904
149,29,7064
149,30,6628
149,31,5884
149,32,5328
149,33,4976
149,34,4544
149,35,4204
149,36,3764
149,37,3724
149,38,3112
149,39,2900
150,0,2888
150,1,3056
150,2,3280
150,3,3716
150,4,4004
150,5,4340
150,6,5144
150,7,5436
150,8,5928
150,9,6512
150,10,7236
150,11,8052
150,12,8620
150,13,10300
150,14,11732
150,15,13564
150,16,16664
150,17,19912
150,18,22712
150,19,26796
150,20,27556
150,21,22788
150,22,19304
150,23,16436
150,24,13164
150,25,11616
150,26,10284
150,27,8768
150,28,7528
150,29,6968
150,30,6260
150,31,5780
150,32,5284
150,33,4748
150,34,4224
150,35,3828
150,36,3644
150,37,3348
150,38,3180
150,39,2868
151,0,2748
151,1,3008
151,2,3344
151,3,3468
151,4,3776
151,5,4428
151,6,4788
151,7,5076
151,8,5724
151,9,6196
151,10,7052
151,11,7916
151,12,9144
151,13,10268
151,14,11636
151,15,13704
151,16,15956
151,17,19408
151,18,22468
151,19,26564
151,20,27484
151,21,22312
151,22,19124
151,23,15848
151,24,13176
151,25,11584
151,26,10104
151,27,8932
151,28,8000
151,29,7012
151,30,6064
151,31,5592
151,32,5300
151,33,4880
151,34,4148
151,35,3936
151,36,3792
151,37,3300
151,38,3156
151,39,2916
152,0,2732
152,1,3048
152,2,3224
152,3,3340
152,4,3896
152,5,4196
152,6,4704
152,7,5120
152,8,5632
152,9,6328
152,10,6976
152,11,7820
152,12,9140
152,13,9908
152,14,11644
152,15,13600
152,16,16152
152,17,18920
152,18,22652
152,19,26020
152,20,26984
152,21,22736
152,22,18628
152,23,16364
152,24,13676
152,25,11652
152,26,10060
152,27,9312
152,28,8132
152,29,6808
152,30,6336
152,31,5744
152,32,5020
152,33,4876
152,34,4508
152,35,4028
152,36,3604
152,37,3512
152,38,3264
152,39,2920
153,0,2636
153,1,2956
153,2,3148
153,3,3376
153,4,3748
153,5,4252
153,6,4560
153,7,5260
153,8,5784
153,9,6208
153,10,7200
153,11,7696
153,12,8472
153,13,10148
153,14,11180
153,15,13532
153,16,15764
153,17,19412
153,18,23260
153,19,26812
153,20,26768
153,21,22260
153,22,18448
153,23,16252
153,24,13196
153,25,11284
153,26,10264
153,27,8840
153,28,7732
153,29,6852
153,30,6204
153,31,5860
153,32,5200
153,33,4740
153,34,4264
153,35,3876
153,36,3460
153,37,3348
153,38,3156
153,39,2908
154,0,2808
154,1,2776
154,2,3328
154,3,3500
154,4,3908
154,5,4356
154,6,4560
154,7,4792
154,8,5568
154,9,6092
154,10,6880
154,11,7836
154,12,8480
154,13,9836
154,14,11416
154,15,13180
154,16,15932
154,17,19116
154,18,22516
154,19,27460
154,20,26928
154,21,23324
154,22,18136
154,23,15468
154,24,13556
154,25,11524
154,26,9936
154,27,8764
154,28,7880
154,29,7092
154,30,6460
154,31,5520
154,32,5044
154,33,4800
154,34,4316
154,35,3752
154,36,3520
154,37,3240
154,38,2956
154,39,2780
155,0,2824
155,1,3048
155,2,3084
155,3,3480
155,4,3732
155,5,3996
155,6,4496
155,7,5004
155,8,5476
155,9,6176
155,10,7040
155,11,7420
155,12,8688
155,13,9716
155,14,11388
155,15,13304
155,16,15740
155,17,19068
155,18,22644
155,19,27184
155,20,27504
155,21,22992
155,22,18640
155,23,16076
155,24,13536
155,25,11692
155,26,10024
155,27,8920
155,28,8112
155,29,7012
155,30,6568
155,31,5756
155,32,5328
155,33,4668
155,34,4284
155,35,3596
155,36,3556
155,37,3452
155,38,3116
155,39,2848
156,0,2784
156,1,3148
156,2,3336
156,3,3388
156,4,3920
156,5,4052
156,6,4596
156,7,4840
156,8,5692
156,9,6208
156,10,6804
156,11,7540
156,12,8472
156,13,9572
156,14,11172
156,15,13504
156,16,15364
156,17,18796
156,18,22428
156,19,27144
156,20,27080
156,21,22304
156,22,18464
156,23,15016
156,24,13532
156,25,11120
156,26,9708
156,27,8852
156,28,7700
156,29,6920
156,30,5928
156,31,5280
156,32,4976
156,33,4396
156,34,4072
156,35,4000
156,36,3704
156,37,3172
156,38,2920
156,39,2672
157,0,2716
157,1,2964
157,2,3368
157,3,3708
157,4,3760
157,5,4056
157,6,4356
157,7,4916
157,8,5548
157,9,6148
157,10,6980
157,11,7772
157,12,8480
157,13,9388
157,14,10844
157,15,12744
157,16,15052
157,17,18296
157,18,22544
157,19,27364
157,20,27172
157,21,23100
157,22,18604
157,23,15396
157,24,12920
157,25,11152
157,26,9460
157,27,8612
157,28,7728
157,29,6904
157,30,6000
157,31,5288
157,32,4692
157,33,4440
157,34,4216
157,35,3756
157,36,3324
157,37,3396
157,38,2800
157,39,2788
158,0,2676
158,1,2820
158,2,3048
158,3,3356
158,4,3780
158,5,4220
158,6,4544
158,7,5132
158,8,5264
158,9,5992
158,10,6520
158,11,7800
158,12,8396
158,13,9580
158,14,10656
158,15,12600
158,16,14908
158,17,18208
158,18,22612
158,19,27136
158,20,26564
158,21,22812
158,22,18656
158,23,14872
158,24,12612
158,25,10936
158,26,9688
158,27,8360
158,28,7416
158,29,6528
158,30,5912
158,31,5468
158,32,5004
158,33,4592
158,34,4260
158,35,3832
158,36,3208
158,37,3172
158,38,2836
158,39,2868
159,0,2660
159,1,2988
159,2,2968
159,3,3312
159,4,3604
159,5,4080
159,6,4508
159,7,4712
159,8,5240
159,9,6108
159,10,6332
159,11,7320
159,12,8380
159,13,9580
159,14,10708
159,15,12488
159,16,14884
159,17,17904
159,18,21908
159,19,27604
159,20,27100
159,21,22644
159,22,18040
159,23,15140
159,24,12564
159,25,10492
159,26,9708
159,27,8428
159,28,7612
159,29,6704
159,30,6352
159,31,5364
159,32,4920
159,33,4536
159,34,3896
159,35,3724
159,36,3592
159,37,3180
159,38,3124
159,39,2868
160,0,2556
160,1,2920
160,2,3232
160,3,3352
160,4,3516
160,5,3968
160,6,4312
160,7,4748
160,8,5512
160,9,5716
160,10,6412
160,11,7528
160,12,8100
160,13,9340
160,14,10628
160,15,12028
160,16,14644
160,17,18164
160,18,22876
160,19,27984
160,20,28548
160,21,22568
160,22,18520
160,23,14556
160,24,12540
160,25,10760
160,26,9204
160,27,8152
160,28,7492
160,29,6496
160,30,5844
160,31,5300
160,32,4604
160,33,4172
160,34,3992
160,35,3596
160,36,3316
160,37,2992
160,38,2644
160,39,2560
161,0,2652
161,1,2808
161,2,2956
161,3,3508
161,4,3656
161,5,3820
161,6,4136
161,7,4464
161,8,4992
161,9,5752
161,10,6384
161,11,7424
161,12,8312
161,13,9244
161,14,10872
161,15,12468
161,16,13952
161,17,17780
161,18,21468
161,19,27972
161,20,28532
161,21,22644
161,22,17804
161,23,14684
161,24,12612
161,25,10772
161,26,9116
161,27,8308
161,28,7476
161,29,6512
161,30,5816
161,31,5156
161,32,4484
161,33,4316
161,34,4084
161,35,3604
161,36,3116
161,37,2972
161,38,2840
161,39,2496
162,0,2552
162,1,2712
162,2,3016
162,3,3328
162,4,3636
162,5,3904
162,6,4096
162,7,4592
162,8,5268
162,9,5940
162,10,6564
162,11,7188
162,12,8032
162,13,9212
162,14,10276
162,15,12132
162,16,14232
162,17,17028
162,18,21636
162,19,27344
162,20,29076
162,21,21920
162,22,17116
162,23,14296
162,24,12084
162,25,10216
162,26,9224
162,27,8216
162,28,7324
162,29,6420
162,30,5848
162,31,5296
162,32,4664
162,33,4096
162,34,3596
162,35,3520
162,36,3404
162,37,2872
162,38,2804
162,39,2332
163,0,2436
163,1,2660
163,2,2928
163,3,3244
163,4,3316
163,5,3556
163,6,4156
163,7,4664
163,8,5024
163,9,5704
163,10,6352
163,11,7192
163,12,8080
163,13,9092
163,14,10544
163,15,11628
163,16,13860
163,17,17088
163,18,21604
163,19,27964
163,20,27864
163,21,22268
163,22,17920
163,23,13832
163,24,11780
163,25,10108
163,26,9172
163,27,8000
163,28,6840
163,29,6420
163,30,5800
163,31,5136
163,32,4692
163,33,4192
163,34,3672
163,35,3248
163,36,3152
163,37,2920
163,38,2652
163,39,2460
164,0,2424
164,1,2624
164,2,2936
164,3,3128
164,4,3380
164,5,3816
164,6,4008
164,7,4472
164,8,5036
164,9,5456
164,10,6372
164,11,6952
164,12,7764
164,13,8668
164,14,10260
164,15,12060
164,16,14164
164,17,17472
164,18,22216
164,19,28092
164,20,27572
164,21,21196
164,22,17412
164,23,13948
164,24,11508
164,25,10348
164,26,8668
164,27,7632
164,28,6592
164,29,6092
164,30,5440
164,31,4976
164,32,4572
164,33,4416
164,34,3708
164,35,3420
164,36,3220
164,37,3076
164,38,2656
164,39,2584
165,0,2348
165,1,2504
165,2,2828
165,3,2916
165,4,3128
165,5,3692
165,6,4280
165,7,4556
165,8,4992
165,9,5616
165,10,5880
165,11,6928
165,12,7880
165,13,8760
165,14,10088
165,15,11584
165,16,14164
165,17,17088
165,18,21368
165,19,28428
165,20,27864
165,21,21400
165,22,16944
165,23,13544
165,24,11492
165,25,9744
165,26,8928
165,27,7364
165,28,6468
165,29,5896
165,30,5544
165,31,4772
165,32,4328
165,33,4068
165,34,3640
165,35,3312
165,36,3028
165,37,2748
165,38,2624
165,39,2436
166,0,2204
166,1,2428
166,2,2764
166,3,2752
166,4,3452
166,5,3720
166,6,3804
166,7,4204
166,8,4796
166,9,5408
166,10,6024
166,11,6512
166,12,7476
166,13,8812
166,14,9860
166,15,11504
166,16,13144
166,17,16736
166,18,21544
166,19,28916
166,20,27936
166,21,21160
166,22,16572
166,23,13852
166,24,11396
166,25,9620
166,26,8468
166,27,7564
166,28,7180
166,29,5976
166,30,5236
166,31,4676
166,32,4404
166,33,3760
166,34,3720
166,35,3212
166,36,3028
166,37,2832
166,38,2516
166,39,2352
167,0,2196
167,1,2500
167,2,2528
167,3,3144
167,4,3192
167,5,3428
167,6,3856
167,7,4144
167,8,4624
167,9,5324
167,10,5592
167,11,6400
167,12,7364
167,13,8220
167,14,10124
167,15,11664
167,16,13412
167,17,16528
167,18,20400
167,19,28152
167,20,27776
167,21,20916
167,22,16140
167,23,13008
167,24,11404
167,25,9792
167,26,8664
167,27,7608
167,28,6576
167,29,5796
167,30,5448
167,31,4632
167,32,4160
167,33,3916
167,34,3580
167,35,3064
167,36,2856
167,37,2756
167,38,2472
167,39,2296
168,0,2136
168,1,2236
168,2,2592
168,3,2820
168,4,3164
168,5,3360
168,6,3740
168,7,4268
168,8,4224
168,9,5028
168,10,5736
168,11,6572
168,12,6980
168,13,7952
168,14,9188
168,15,11200
168,16,13216
168,17,16052
168,18,20548
168,19,28372
168,20,28600
168,21,20864
168,22,16008
168,23,13520
168,24,11100
168,25,9692
168,26,8396
168,27,7248
168,28,6420
168,29,5744
168,30,5244
168,31,4772
168,32,4168
168,33,3696
168,34,3396
168,35,3372
168,36,2708
168,37,2636
168,38,2544
168,39,2292
169,0,2268
169,1,2424
169,2,2512
169,3,2720
169,4,2632
169,5,3408
169,6,3676
169,7,3720
169,8,4344
169,9,4892
169,10,5328
169,11,5928
169,12,7276
169,13,7676
169,14,9116
169,15,10804
169,16,12372
169,17,15588
169,18,20760
169,19,29364
169,20,27908
169,21,20272
169,22,15452
169,23,12936
169,24,10616
169,25,9196
169,26,8164
169,27,7208
169,28,6440
169,29,5504
169,30,5012
169,31,4652
169,32,4088
169,33,3576
169,34,3112
169,35,2916
169,36,3000
169,37,2492
169,38,2496
169,39,2180
170,0,2068
170,1,2092
170,2,2456
170,3,2700
170,4,2884
170,5,3088
170,6,3548
170,7,4192
170,8,4576
170,9,4660
170,10,5336
170,11,5860
170,12,6844
170,13,7804
170,14,9056
170,15,10220
170,16,12116
170,17,15108
170,18,19492
170,19,29412
170,20,28448
170,21,20064
170,22,15604
170,23,12380
170,24,10516
170,25,9352
170,26,7764
170,27,7024
170,28,5656
170,29,5592
170,30,4784
170,31,4496
170,32,3996
170,33,3616
170,34,3124
170,35,2968
170,36,2864
170,37,2500
170,38,2432
170,39,2184
171,0,2004
171,1,2284
171,2,2484
171,3,2464
171,4,2968
171,5,3136
171,6,3364
171,7,3624
171,8,4060
171,9,4612
171,10,5240
171,11,6164
171,12,6712
171,13,7676
171,14,9068
171,15,10116
171,16,12168
171,17,14416
171,18,19408
171,19,29892
171,20,28940
171,21,19924
171,22,14936
171,23,12260
171,24,10536
171,25,9000
171,26,7832
171,27,6520
171,28,5836
171,29,5180
171,30,4628
171,31,4200
171,32,3844
171,33,3288
171,34,3184
171,35,2780
171,36,2560
171,37,2292
171,38,2188
171,39,1996
172,0,1872
172,1,2244
172,2,2212
172,3,2776
172,4,2796
172,5,2932
172,6,3604
172,7,3584
172,8,4048
172,9,4520
172,10,5068
172,11,5676
172,12,6488
172,13,7624
172,14,8416
172,15,9816
172,16,11788
172,17,14404
172,18,18540
172,19,28844
172,20,28708
172,21,19232
172,22,14456
172,23,11956
172,24,9908
172,25,8424
172,26,7148
172,27,6668
172,28,5796
172,29,5124
172,30,4428
172,31,3752
172,32,3744
172,33,3436
172,34,3036
172,35,2688
172,36,2548
172,37,2220
172,38,2048
172,39,1940
173,0,1968
173,1,2044
173,2,2360
173,3,2544
173,4,2748
173,5,3008
173,6,3272
173,7,3656
173,8,4064
173,9,4556
173,10,5112
173,11,5764
173,12,6580
173,13,6784
173,14,8336
173,15,9552
173,16,11584
173,17,14048
173,18,18680
173,19,28856
173,20,28368
173,21,19012
173,22,13968
173,23,11480
173,24,9372
173,25,8320
173,26,7472
173,27,6480
173,28,5456
173,29,5032
173,30,4428
173,31,3864
173,32,3660
173,33,3132
173,34,2892
173,35,2476
173,36,2400
173,37,2244
173,38,1968
173,39,1928
174,0,1900
174,1,2120
174,2,2060
174,3,2456
174,4,2396
174,5,2932
174,6,3252
174,7,3500
174,8,3916
174,9,4316
174,10,4832
174,11,5588
174,12,6196
174,13,7196
174,14,8396
174,15,9632
174,16,11284
174,17,13888
174,18,17956
174,19,28512
174,20,27980
174,21,17812
174,22,13784
174,23,10968
174,24,9116
174,25,7996
174,26,7076
174,27,5976
174,28,5260
174,29,4468
174,30,4140
174,31,3760
174,32,3260
174,33,3060
174,34,2788
174,35,2544
174,36,2372
174,37,2052
174,38,1940
174,39,1936
175,0,1932
175,1,2008
175,2,2180
175,3,2336
175,4,2688
175,5,2632
175,6,3248
175,7,3264
175,8,3764
175,9,3968
175,10,4612
175,11,5192
175,12,5888
175,13,6652
175,14,7360
175,15,8572
175,16,10800
175,17,12964
175,18,17184
175,19,27508
175,20,27612
175,21,16576
175,22,12708
175,23,10552
175,24,8900
175,25,7572
175,26,6532
175,27,5824
175,28,5108
175,29,4712
175,30,4068
175,31,3672
175,32,3136
175,33,3044
175,34,2820
175,35,2552
175,36,2176
175,37,2008
175,38,1912
175,39,1636
176,0,1764
176,1,1944
176,2,2080
176,3,2252
176,4,2464
176,5,2492
176,6,2776
176,7,3156
176,8,3420
176,9,3924
176,10,4352
176,11,4684
176,12,5592
176,13,6164
176,14,7060
176,15,8336
176,16,9596
176,17,11932
176,18,16160
176,19,26748
176,20,26520
176,21,15848
176,22,12000
176,23,10252
176,24,7836
176,25,6868
176,26,5972
176,27,5272
176,28,4736
176,29,4332
176,30,3848
176,31,3508
176,32,3152
176,33,2632
176,34,2412
176,35,2296
176,36,2204
176,37,1924
176,38,1868
176,39,1660
177,0,1720
177,1,1660
177,2,1928
177,3,2144
177,4,2348
177,5,2372
177,6,2784
177,7,3084
177,8,3256
177,9,3640
177,10,3976
177,11,4552
177,12,5208
177,13,5776
177,14,6528
177,15,7728
177,16,8956
177,17,11428
177,18,15184
177,19,25880
177,20,25788
177,21,14476
177,22,11056
177,23,8880
177,24,7880
177,25,6504
177,26,5840
177,27,4732
177,28,4404
177,29,4060
177,30,3524
177,31,3400
177,32,3148
177,33,2852
177,34,2568
177,35,2280
177,36,2084
177,37,1960
177,38,1692
177,39,1628
178,0,1588
178,1,1844
178,2,2012
178,3,2008
178,4,2100
178,5,2264
178,6,2580
178,7,2764
178,8,3160
178,9,3540
178,10,3776
178,11,4320
178,12,4676
178,13,5396
178,14,6164
178,15,6716
178,16,8180
178,17,10136
178,18,13148
178,19,23536
178,20,24896
178,21,13864
178,22,10588
178,23,8180
178,24,7212
178,25,5824
178,26,5320
178,27,4944
178,28,4220
178,29,3848
178,30,3436
178,31,3196
178,32,2988
178,33,2588
178,34,2412
178,35,2052
178,36,1960
178,37,1924
178,38,1736
178,39,1572
179,0,1620
179,1,1652
179,2,1752
179,3,1764
179,4,2124
179,5,2164
179,6,2360
179,7,2752
179,8,3040
179,9,3156
179,10,3836
179,11,4248
179,12,4448
179,13,5000
179,14,5644
179,15,6580
179,16,7776
179,17,9448
179,18,11800
179,19,20868
179,20,20564
179,21,11240
179,22,9180
179,23,7728
179,24,6648
179,25,5944
179,26,4804
179,27,4544
179,28,3840
179,29,3772
179,30,3128
179,31,2832
179,32,2548
179,33,2528
179,34,2440
179,35,2156
179,36,1816
179,37,1652
179,38,1652
179,39,1428
180,0,1424
180,1,1608
180,2,1680
180,3,2016
180,4,1988
180,5,2088
180,6,2496
180,7,2452
180,8,2736
180,9,3208
180,10,3488
180,11,3660
180,12,3848
180,13,4900
180,14,5060
180,15,5780
180,16,6856
180,17,7720
180,18,8932
180,19,11276
180,20,11084
180,21,9112
180,22,7496
180,23,6616
180,24,5484
180,25,5232
180,26,4496
180,27,3868
180,28,3772
180,29,3300
180,30,3048
180,31,2752
180,32,2556
180,33,2376
180,34,2140
180,35,2036
180,36,1756
180,37,1676
180,38,1680
180,39,1424
181,0,1400
181,1,1572
181,2,1704
181,3,1644
181,4,1796
181,5,2016
181,6,2284
181,7,2272
181,8,2744
181,9,2928
181,10,3104
181,11,3280
181,12,3768
181,13,4116
181,14,4512
181,15,5044
181,16,5748
181,17,6620
181,18,7128
181,19,7840
181,20,7948
181,21,7176
181,22,6292
181,23,5708
181,24,4864
181,25,4400
181,26,4384
181,27,3676
181,28,3424
181,29,3244
181,30,2876
181,31,2628
181,32,2540
181,33,2192
181,34,2124
181,35,1940
181,36,1740
181,37,1680
181,38,1476
181,39,1516
182,0,1340
182,1,1492
182,2,1580
182,3,1712
182,4,1836
182,5,1936
182,6,1920
182,7,2340
182,8,2356
182,9,2716
182,10,3008
182,11,3168
182,12,3208
182,13,3780
182,14,4100
182,15,4560
182,16,4972
182,17,5340
182,18,5868
182,19,6056
182,20,6288
182,21,5708
182,22,5168
182,23,4968
182,24,4452
182,25,4156
182,26,3808
182,27,3160
182,28,3172
182,29,2804
182,30,2536
182,31,2492
182,32,2092
182,33,2252
182,34,1868
182,35,1724
182,36,1716
182,37,1616
182,38,1428
182,39,1352
183,0,1384
183,1,1348
183,2,1380
183,3,1640
183,4,1660
183,5,1780
183,6,1752
183,7,2088
183,8,2448
183,9,2404
183,10,2648
183,11,2808
183,12,2960
183,13,3516
183,14,3528
183,15,4088
183,16,4424
183,17,4624
183,18,4996
183,19,4928
183,20,4924
183,21,4632
183,22,4328
183,23,4148
183,24,3960
183,25,3392
183,26,3360
183,27,2960
183,28,2832
183,29,2752
183,30,2372
183,31,2192
183,32,2116
183,33,1980
183,34,1848
183,35,1740
183,36,1644
183,37,1352
183,38,1356
183,39,1344
184,0,1236
184,1,1348
184,2,1408
184,3,1404
184,4,1500
184,5,1760
184,6,1940
184,7,2012
184,8,2176
184,9,2268
184,10,2416
184,11,2528
184,12,2844
184,13,3008
184,14,3264
184,15,3756
184,16,3932
184,17,4056
184,18,4088
184,19,4136
184,20,4176
184,21,4256
184,22,3660
184,23,3644
184,24,3316
184,25,3268
184,26,3100
184,27,2836
184,28,2440
184,29,2532
184,30,2344
184,31,2200
184,32,1952
184,33,1732
184,34,1712
184,35,1592
184,36,1448
184,37,1484
184,38,1280
184,39,1252
185,0,1184
185,1,1320
185,2,1200
185,3,1240
185,4,1656
185,5,1616
185,6,1728
185,7,1808
185,8,1960
185,9,2176
185,10,2332
185,11,2196
185,12,2420
185,13,3000
185,14,2880
185,15,3428
185,16,3156
185,17,3480
185,18,3292
185,19,3508
185,20,3444
185,21,3480
185,22,3056
185,23,3068
185,24,3100
185,25,2924
185,26,2704
185,27,2544
185,28,2356
185,29,2144
185,30,1980
185,31,1924
185,32,1796
185,33,1676
185,34,1580
185,35,1520
185,36,1344
185,37,1180
185,38,1272
185,39,1212
186,0,1012
186,1,1088
186,2,1208
186,3,1324
186,4,1508
186,5,1572
186,6,1496
186,7,1736
186,8,1900
186,9,1940
186,10,2060
186,11,2112
186,12,2396
186,13,2524
186,14,2900
186,15,2544
186,16,2952
186,17,2996
186,18,2996
186,19,2936
186,20,2972
186,21,3264
186,22,2772
186,23,2836
186,24,2624
186,25,2508
186,26,2464
186,27,2312
186,28,2016
186,29,1960
186,30,1916
186,31,1892
186,32,1692
186,33,1764
186,34,1420
186,35,1412
186,36,1456
186,37,1284
186,38,1148
186,39,1132
187,0,1144
187,1,1032
187,2,1132
187,3,1356
187,4,1320
187,5,1388
187,6,1540
187,7,1888
187,8,1600
187,9,1916
187,10,1756
187,11,1924
187,12,2252
187,13,2192
187,14,2368
187,15,2724
187,16,2548
187,17,2620
187,18,2492
187,19,2688
187,20,2604
187,21,2712
187,22,2576
187,23,2380
187,24,2368
187,25,2260
187,26,2108
187,27,2060
187,28,1908
187,29,1808
187,30,1740
187,31,1660
187,32,1600
187,33,1392
187,34,1592
187,35,1316
187,36,1232
187,37,1332
187,38,1012
187,39,1040
188,0,964
188,1,1020
188,2,1216
188,3,1052
188,4,1116
188,5,1432
188,6,1512
188,7,1364
188,8,1672
188,9,1596
188,10,1600
188,11,1936
188,12,1976
188,13,2188
188,14,2024
188,15,2200
188,16,2236
188,17,2260
188,18,2292
188,19,2220
188,20,2264
188,21,2356
188,22,2300
188,23,2096
188,24,2028
188,25,2136
188,26,1968
188,27,1856
188,28,1952
188,29,1692
188,30,1640
188,31,1300
188,32,1504
188,33,1468
188,34,1216
188,35,1288
188,36,1180
188,37,1056
188,38,1156
188,39,1004
189,0,952
189,1,1040
189,2,1012
189,3,1128
189,4,1316
189,5,1256
189,6,1124
189,7,1512
189,8,1356
189,9,1588
189,10,1560
189,11,1696
189,12,1728
189,13,1848
189,14,2024
189,15,2100
189,16,1904
189,17,2052
189,18,2004
189,19,2180
189,20,1948
189,21,2112
189,22,1964
189,23,1880
189,24,1788
189,25,1816
189,26,1748
189,27,1684
189,28,1672
189,29,1600
189,30,1412
189,31,1396
189,32,1308
189,33,1296
189,34,1292
189,35,1124
189,36,1132
189,37,996
189,38,968
189,39,1120
190,0,884
190,1,936
190,2,988
190,3,1120
190,4,1160
190,5,1192
190,6,1156
190,7,1220
190,8,1312
190,9,1224
190,10,1564
190,11,1516
190,12,1696
190,13,1596
190,14,1828
190,15,1656
190,16,1900
190,17,1696
190,18,1856
190,19,1776
190,20,1660
190,21,1772
190,22,1880
190,23,1720
190,24,1632
190,25,1740
190,26,1640
190,27,1452
190,28,1588
190,29,1472
190,30,1480
190,31,1304
190,32,1184
190,33,1204
190,34,1140
190,35,1152
190,36,1092
190,37,976
190,38,840
190,39,904
191,0,812
191,1,888
191,2,976
191,3,992
191,4,1148
191,5,1024
191,6,1268
191,7,1152
191,8,1264
191,9,1352
191,10,1412
191,11,1468
191,12,1516
191,13,1596
191,14,1620
191,15,1676
191,16,1544
191,17,1552
191,18,1700
191,19,1540
191,20,1600
191,21,1720
191,22,1604
191,23,1648
191,24,1448
191,25,1428
191,26,1504
191,27,1488
191,28,1332
191,29,1360
191,30,1304
191,31,1160
191,32,1144
191,33,1108
191,34,1112
191,35,1064
191,36,1008
191,37,920
191,38,840
191,39,796
192,0,916
192,1,832
192,2,924
192,3,968
192,4,928
192,5,968
192,6,1140
192,7,1028
192,8,1112
192,9,1188
192,10,1224
192,11,1272
192,12,1344
192,13,1488
192,14,1324
192,15,1388
192,16,1524
192,17,1440
192,18,1448
192,19,1508
192,20,1412
192,21,1464
192,22,1364
192,23,1448
192,24,1452
192,25,1420
192,26,1356
192,27,1420
192,28,1124
192,29,1168
192,30,1216
192,31,1184
192,32,980
192,33,932
192,34,964
192,35,940
192,36,936
192,37,952
192,38,840
192,39,776
193,0,724
193,1,788
193,2,832
193,3,868
193,4,840
193,5,984
193,6,976
193,7,1132
193,8,1092
193,9,1196
193,10,1128
193,11,1192
193,12,1260
193,13,1384
193,14,1336
193,15,1288
193,16,1332
193,17,1376
193,18,1436
193,19,1252
193,20,1304
193,21,1376
193,22,1348
193,23,1384
193,24,1140
193,25,1304
193,26,1200
193,27,1160
193,28,1156
193,29,1016
193,30,1168
193,31,984
193,32,1036
193,33,900
193,34,912
193,35,848
193,36,860
193,37,932
193,38,768
193,39,840
194,0,668
194,1,784
194,2,780
194,3,828
194,4,820
194,5,792
194,6,872
194,7,908
194,8,1032
194,9,1168
194,10,1120
194,11,1128
194,12,1148
194,13,1204
194,14,1120
194,15,1212
194,16,1332
194,17,1084
194,18,1344
194,19,1160
194,20,1160
194,21,1216
194,22,1120
194,23,1320
194,24,1176
194,25,1192
194,26,1016
194,27,1068
194,28,1156
194,29,1004
194,30,1068
194,31,900
194,32,888
194,33,892
194,34,868
194,35,760
194,36,964
194,37,808
194,38,812
194,39,664
195,0,540
195,1,724
195,2,732
195,3,704
195,4,784
195,5,832
195,6,920
195,7,1004
195,8,908
195,9,932
195,10,908
195,11,1052
195,12,1064
195,13,1156
195,14,1064
195,15,1188
195,16,1072
195,17,1060
195,18,1084
195,19,1140
195,20,1104
195,21,1056
195,22,1168
195,23,1176
195,24,1124
195,25,960
195,26,1032
195,27,968
195,28,992
195,29,1000
195,30,860
195,31,956
195,32,976
195,33,756
195,34,828
195,35,768
195,36,640
195,37,680
195,38,680
195,39,776
196,0,700
196,1,632
196,2,848
196,3,784
196,4,748
196,5,832
196,6,836
196,7,840
196,8,868
196,9,900
196,10,916
196,11,920
196,12,924
196,13,976
196,14,912
196,15,1100
196,16,1096
196,17,988
196,18,1056
196,19,976
196,20,988
196,21,1100
196,22,932
196,23,952
196,24,1088
196,25,960
196,26,924
196,27,976
196,28,908
196,29,844
196,30,832
196,31,856
196,32,840
196,33,828
196,34,712
196,35,732
196,36,708
196,37,772
196,38,748
196,39,628
197,0,592
197,1,656
197,2,676
197,3,592
197,4,740
197,5,756
197,6,776
197,7,824
197,8,816
197,9,844
197,10,904
197,11,864
197,12,940
197,13,864
197,14,868
197,15,912
197,16,920
197,17,908
197,18,848
197,19,968
197,20,1060
197,21,956
197,22,972
197,23,1000
197,24,960
197,25,904
197,26,776
197,27,836
197,28,880
197,29,784
197,30,756
197,31,728
197,32,868
197,33,720
197,34,840
197,35,664
197,36,576
197,37,652
197,38,640
197,39,600
198,0,572
198,1,704
198,2,636
198,3,648
198,4,764
198,5,664
198,6,688
198,7,736
198,8,804
198,9,816
198,10,732
198,11,840
198,12,896
198,13,872
198,14,840
198,15,976
198,16,936
198,17,944
198,18,888
198,19,820
198,20,808
198,21,760
198,22,916
198,23,872
198,24,976
198,25,804
198,26,788
198,27,756
198,28,764
198,29,808
198,30,784
198,31,732
198,32,716
198,33,684
198,34,628
198,35,632
198,36,716
198,37,648
198,38,556
198,39,632
199,0,552
199,1,604
199,2,536
199,3,660
199,4,660
199,5,704
199,6,720
199,7,692
199,8,728
199,9,700
199,10,716
199,11,788
199,12,840
199,13,688
199,14,820
199,15,784
199,16,744
199,17,880
199,18,804
199,19,856
199,20,732
199,21,804
199,22,808
199,23,864
199,24,748
199,25,820
199,26,812
199,27,764
199,28,676
199,29,804
199,30,660
199,31,692
199,32,588
199,33,720
199,34,676
199,35,660
199,36,568
199,37,508
199,38,504
199,39,524
