# mesh name: scoring_mesh
# primitive scorer name: n_opticalPhotons
# xy projection
200 40 
0,0,188
0,1,148
0,2,172
0,3,176
0,4,164
0,5,188
0,6,148
0,7,148
0,8,188
0,9,160
0,10,184
0,11,184
0,12,144
0,13,196
0,14,176
0,15,168
0,16,164
0,17,140
0,18,152
0,19,184
0,20,160
0,21,176
0,22,184
0,23,196
0,24,208
0,25,224
0,26,184
0,27,156
0,28,132
0,29,180
0,30,196
0,31,120
0,32,188
0,33,192
0,34,180
0,35,204
0,36,184
0,37,128
0,38,152
0,39,104
1,0,152
1,1,196
1,2,156
1,3,164
1,4,164
1,5,156
1,6,132
1,7,132
1,8,172
1,9,184
1,10,144
1,11,172
1,12,164
1,13,188
1,14,192
1,15,228
1,16,200
1,17,140
1,18,160
1,19,156
1,20,176
1,21,188
1,22,196
1,23,160
1,24,240
1,25,160
1,26,188
1,27,180
1,28,152
1,29,136
1,30,180
1,31,200
1,32,152
1,33,180
1,34,204
1,35,160
1,36,160
1,37,196
1,38,132
1,39,172
2,0,148
2,1,204
2,2,160
2,3,156
2,4,188
2,5,172
2,6,164
2,7,172
2,8,172
2,9,192
2,10,188
2,11,144
2,12,160
2,13,204
2,14,204
2,15,204
2,16,196
2,17,184
2,18,192
2,19,188
2,20,204
2,21,200
2,22,236
2,23,192
2,24,212
2,25,200
2,26,168
2,27,168
2,28,164
2,29,180
2,30,164
2,31,240
2,32,188
2,33,148
2,34,184
2,35,192
2,36,228
2,37,184
2,38,180
2,39,144
3,0,172
3,1,264
3,2,132
3,3,144
3,4,212
3,5,184
3,6,188
3,7,188
3,8,152
3,9,176
3,10,184
3,11,200
3,12,172
3,13,192
3,14,156
3,15,204
3,16,192
3,17,228
3,18,160
3,19,144
3,20,244
3,21,236
3,22,228
3,23,216
3,24,212
3,25,236
3,26,236
3,27,176
3,28,180
3,29,160
3,30,200
3,31,208
3,32,156
3,33,144
3,34,204
3,35,208
3,36,188
3,37,180
3,38,156
3,39,172
4,0,208
4,1,192
4,2,176
4,3,204
4,4,168
4,5,212
4,6,188
4,7,164
4,8,200
4,9,240
4,10,248
4,11,184
4,12,208
4,13,200
4,14,228
4,15,208
4,16,204
4,17,148
4,18,208
4,19,228
4,20,136
4,21,204
4,22,248
4,23,180
4,24,184
4,25,204
4,26,216
4,27,196
4,28,192
4,29,196
4,30,284
4,31,184
4,32,128
4,33,228
4,34,184
4,35,192
4,36,188
4,37,224
4,38,160
4,39,152
5,0,192
5,1,164
5,2,152
5,3,228
5,4,176
5,5,200
5,6,180
5,7,180
5,8,200
5,9,172
5,10,212
5,11,152
5,12,152
5,13,196
5,14,216
5,15,232
5,16,232
5,17,212
5,18,244
5,19,156
5,20,204
5,21,208
5,22,232
5,23,192
5,24,208
5,25,196
5,26,224
5,27,156
5,28,140
5,29,248
5,30,224
5,31,212
5,32,232
5,33,188
5,34,224
5,35,172
5,36,212
5,37,204
5,38,188
5,39,164
6,0,160
6,1,220
6,2,244
6,3,160
6,4,176
6,5,208
6,6,216
6,7,156
6,8,144
6,9,204
6,10,252
6,11,184
6,12,224
6,13,224
6,14,208
6,15,280
6,16,228
6,17,200
6,18,220
6,19,188
6,20,212
6,21,168
6,22,304
6,23,232
6,24,236
6,25,324
6,26,240
6,27,176
6,28,200
6,29,232
6,30,200
6,31,184
6,32,256
6,33,164
6,34,256
6,35,216
6,36,192
6,37,216
6,38,180
6,39,188
7,0,196
7,1,208
7,2,220
7,3,192
7,4,240
7,5,220
7,6,176
7,7,204
7,8,184
7,9,208
7,10,232
7,11,232
7,12,212
7,13,176
7,14,232
7,15,232
7,16,228
7,17,240
7,18,264
7,19,220
7,20,260
7,21,264
7,22,244
7,23,232
7,24,252
7,25,264
7,26,208
7,27,208
7,28,208
7,29,204
7,30,188
7,31,216
7,32,188
7,33,272
7,34,276
7,35,264
7,36,212
7,37,244
7,38,172
7,39,156
8,0,236
8,1,184
8,2,184
8,3,204
8,4,204
8,5,268
8,6,236
8,7,196
8,8,216
8,9,180
8,10,268
8,11,240
8,12,252
8,13,256
8,14,256
8,15,212
8,16,260
8,17,212
8,18,192
8,19,276
8,20,216
8,21,216
8,22,244
8,23,240
8,24,280
8,25,240
8,26,224
8,27,212
8,28,200
8,29,228
8,30,240
8,31,232
8,32,252
8,33,212
8,34,256
8,35,224
8,36,208
8,37,248
8,38,176
8,39,208
9,0,192
9,1,220
9,2,260
9,3,272
9,4,240
9,5,204
9,6,276
9,7,244
9,8,216
9,9,208
9,10,228
9,11,212
9,12,196
9,13,240
9,14,272
9,15,224
9,16,292
9,17,216
9,18,272
9,19,168
9,20,260
9,21,260
9,22,276
9,23,204
9,24,224
9,25,256
9,26,292
9,27,216
9,28,284
9,29,276
9,30,256
9,31,200
9,32,252
9,33,256
9,34,288
9,35,248
9,36,292
9,37,176
9,38,204
9,39,216
10,0,204
10,1,208
10,2,284
10,3,232
10,4,172
10,5,192
10,6,264
10,7,248
10,8,184
10,9,224
10,10,276
10,11,236
10,12,264
10,13,220
10,14,292
10,15,260
10,16,248
10,17,244
10,18,252
10,19,180
10,20,288
10,21,264
10,22,272
10,23,304
10,24,232
10,25,300
10,26,252
10,27,208
10,28,208
10,29,244
10,30,256
10,31,220
10,32,232
10,33,240
10,34,240
10,35,232
10,36,196
10,37,156
10,38,260
10,39,232
11,0,276
11,1,192
11,2,224
11,3,232
11,4,212
11,5,288
11,6,228
11,7,252
11,8,224
11,9,220
11,10,244
11,11,288
11,12,244
11,13,244
11,14,292
11,15,296
11,16,260
11,17,268
11,18,292
11,19,244
11,20,228
11,21,260
11,22,344
11,23,264
11,24,308
11,25,304
11,26,276
11,27,244
11,28,232
11,29,312
11,30,248
11,31,256
11,32,252
11,33,252
11,34,236
11,35,212
11,36,300
11,37,204
11,38,200
11,39,224
12,0,196
12,1,304
12,2,212
12,3,212
12,4,220
12,5,240
12,6,252
12,7,244
12,8,228
12,9,244
12,10,272
12,11,256
12,12,248
12,13,236
12,14,288
12,15,312
12,16,276
12,17,312
12,18,260
12,19,276
12,20,284
12,21,272
12,22,288
12,23,272
12,24,300
12,25,328
12,26,256
12,27,232
12,28,296
12,29,268
12,30,272
12,31,300
12,32,312
12,33,328
12,34,328
12,35,304
12,36,172
12,37,244
12,38,244
12,39,204
13,0,232
13,1,312
13,2,248
13,3,320
13,4,248
13,5,276
13,6,260
13,7,236
13,8,232
13,9,244
13,10,272
13,11,344
13,12,236
13,13,296
13,14,336
13,15,272
13,16,260
13,17,332
13,18,284
13,19,192
13,20,388
13,21,304
13,22,324
13,23,304
13,24,264
13,25,296
13,26,272
13,27,252
13,28,288
13,29,316
13,30,268
13,31,256
13,32,236
13,33,324
13,34,248
13,35,232
13,36,248
13,37,252
13,38,272
13,39,236
14,0,356
14,1,288
14,2,280
14,3,360
14,4,316
14,5,260
14,6,252
14,7,276
14,8,268
14,9,240
14,10,308
14,11,324
14,12,276
14,13,260
14,14,296
14,15,292
14,16,328
14,17,324
14,18,300
14,19,208
14,20,300
14,21,284
14,22,236
14,23,324
14,24,308
14,25,348
14,26,288
14,27,300
14,28,288
14,29,304
14,30,260
14,31,256
14,32,284
14,33,240
14,34,232
14,35,284
14,36,296
14,37,228
14,38,272
14,39,312
15,0,236
15,1,272
15,2,276
15,3,288
15,4,212
15,5,272
15,6,288
15,7,312
15,8,328
15,9,292
15,10,244
15,11,300
15,12,304
15,13,284
15,14,320
15,15,348
15,16,340
15,17,296
15,18,240
15,19,340
15,20,252
15,21,308
15,22,352
15,23,300
15,24,348
15,25,292
15,26,280
15,27,280
15,28,328
15,29,244
15,30,260
15,31,344
15,32,356
15,33,340
15,34,352
15,35,288
15,36,264
15,37,304
15,38,276
15,39,296
16,0,316
16,1,296
16,2,332
16,3,264
16,4,252
16,5,248
16,6,276
16,7,292
16,8,252
16,9,344
16,10,220
16,11,312
16,12,284
16,13,280
16,14,372
16,15,392
16,16,340
16,17,336
16,18,412
16,19,352
16,20,256
16,21,372
16,22,388
16,23,292
16,24,348
16,25,340
16,26,268
16,27,352
16,28,340
16,29,320
16,30,332
16,31,304
16,32,340
16,33,336
16,34,360
16,35,276
16,36,252
16,37,284
16,38,284
16,39,308
17,0,292
17,1,288
17,2,392
17,3,280
17,4,304
17,5,300
17,6,376
17,7,336
17,8,296
17,9,320
17,10,252
17,11,276
17,12,344
17,13,372
17,14,384
17,15,332
17,16,320
17,17,384
17,18,308
17,19,372
17,20,364
17,21,424
17,22,368
17,23,372
17,24,348
17,25,332
17,26,316
17,27,316
17,28,380
17,29,408
17,30,312
17,31,336
17,32,300
17,33,284
17,34,344
17,35,344
17,36,268
17,37,296
17,38,340
17,39,316
18,0,308
18,1,344
18,2,332
18,3,296
18,4,264
18,5,368
18,6,292
18,7,284
18,8,380
18,9,320
18,10,300
18,11,504
18,12,364
18,13,384
18,14,368
18,15,336
18,16,412
18,17,432
18,18,356
18,19,344
18,20,344
18,21,392
18,22,332
18,23,376
18,24,452
18,25,336
18,26,392
18,27,344
18,28,288
18,29,376
18,30,380
18,31,300
18,32,360
18,33,452
18,34,308
18,35,360
18,36,216
18,37,328
18,38,308
18,39,320
19,0,244
19,1,328
19,2,324
19,3,352
19,4,412
19,5,336
19,6,380
19,7,364
19,8,384
19,9,372
19,10,380
19,11,396
19,12,320
19,13,336
19,14,344
19,15,392
19,16,432
19,17,368
19,18,384
19,19,364
19,20,352
19,21,372
19,22,416
19,23,424
19,24,424
19,25,316
19,26,368
19,27,404
19,28,368
19,29,308
19,30,344
19,31,364
19,32,396
19,33,336
19,34,328
19,35,308
19,36,328
19,37,344
19,38,336
19,39,280
20,0,364
20,1,364
20,2,352
20,3,380
20,4,324
20,5,336
20,6,420
20,7,308
20,8,380
20,9,380
20,10,308
20,11,376
20,12,444
20,13,428
20,14,340
20,15,392
20,16,400
20,17,392
20,18,384
20,19,360
20,20,336
20,21,416
20,22,420
20,23,392
20,24,388
20,25,372
20,26,340
20,27,340
20,28,416
20,29,388
20,30,380
20,31,352
20,32,412
20,33,352
20,34,376
20,35,308
20,36,416
20,37,320
20,38,368
20,39,292
21,0,348
21,1,348
21,2,380
21,3,372
21,4,400
21,5,372
21,6,384
21,7,336
21,8,360
21,9,320
21,10,388
21,11,356
21,12,404
21,13,400
21,14,432
21,15,376
21,16,460
21,17,448
21,18,412
21,19,380
21,20,356
21,21,456
21,22,460
21,23,372
21,24,492
21,25,456
21,26,472
21,27,416
21,28,452
21,29,336
21,30,352
21,31,428
21,32,380
21,33,396
21,34,428
21,35,356
21,36,364
21,37,380
21,38,352
21,39,304
22,0,376
22,1,396
22,2,408
22,3,396
22,4,376
22,5,380
22,6,388
22,7,332
22,8,420
22,9,384
22,10,400
22,11,468
22,12,420
22,13,468
22,14,416
22,15,472
22,16,464
22,17,472
22,18,452
22,19,388
22,20,464
22,21,476
22,22,412
22,23,480
22,24,476
22,25,380
22,26,448
22,27,444
22,28,400
22,29,468
22,30,428
22,31,428
22,32,448
22,33,444
22,34,368
22,35,372
22,36,368
22,37,440
22,38,368
22,39,424
23,0,396
23,1,336
23,2,380
23,3,392
23,4,492
23,5,348
23,6,452
23,7,384
23,8,368
23,9,380
23,10,388
23,11,392
23,12,476
23,13,416
23,14,504
23,15,468
23,16,380
23,17,448
23,18,508
23,19,412
23,20,504
23,21,440
23,22,480
23,23,452
23,24,464
23,25,308
23,26,376
23,27,420
23,28,464
23,29,444
23,30,440
23,31,444
23,32,412
23,33,392
23,34,404
23,35,404
23,36,444
23,37,388
23,38,368
23,39,376
24,0,408
24,1,424
24,2,396
24,3,492
24,4,372
24,5,432
24,6,480
24,7,404
24,8,440
24,9,432
24,10,416
24,11,372
24,12,420
24,13,524
24,14,464
24,15,496
24,16,456
24,17,528
24,18,468
24,19,500
24,20,416
24,21,440
24,22,524
24,23,548
24,24,516
24,25,420
24,26,528
24,27,408
24,28,400
24,29,412
24,30,488
24,31,440
24,32,472
24,33,452
24,34,388
24,35,444
24,36,484
24,37,384
24,38,428
24,39,420
25,0,440
25,1,424
25,2,428
25,3,480
25,4,440
25,5,404
25,6,508
25,7,460
25,8,476
25,9,436
25,10,484
25,11,440
25,12,476
25,13,500
25,14,416
25,15,536
25,16,588
25,17,520
25,18,608
25,19,472
25,20,516
25,21,496
25,22,472
25,23,464
25,24,568
25,25,492
25,26,556
25,27,540
25,28,536
25,29,460
25,30,532
25,31,500
25,32,516
25,33,516
25,34,432
25,35,416
25,36,516
25,37,400
25,38,404
25,39,404
26,0,456
26,1,496
26,2,456
26,3,432
26,4,576
26,5,480
26,6,492
26,7,464
26,8,536
26,9,436
26,10,588
26,11,536
26,12,576
26,13,512
26,14,612
26,15,488
26,16,584
26,17,480
26,18,536
26,19,564
26,20,448
26,21,568
26,22,592
26,23,568
26,24,456
26,25,524
26,26,532
26,27,500
26,28,604
26,29,524
26,30,528
26,31,508
26,32,504
26,33,456
26,34,480
26,35,388
26,36,468
26,37,456
26,38,464
26,39,408
27,0,528
27,1,500
27,2,492
27,3,412
27,4,444
27,5,592
27,6,548
27,7,588
27,8,460
27,9,536
27,10,440
27,11,496
27,12,552
27,13,544
27,14,520
27,15,508
27,16,540
27,17,580
27,18,616
27,19,476
27,20,484
27,21,600
27,22,580
27,23,500
27,24,572
27,25,524
27,26,532
27,27,432
27,28,496
27,29,480
27,30,544
27,31,604
27,32,508
27,33,488
27,34,488
27,35,616
27,36,372
27,37,456
27,38,460
27,39,472
28,0,500
28,1,472
28,2,468
28,3,412
28,4,516
28,5,552
28,6,548
28,7,568
28,8,576
28,9,548
28,10,480
28,11,536
28,12,632
28,13,568
28,14,572
28,15,580
28,16,672
28,17,632
28,18,692
28,19,608
28,20,592
28,21,648
28,22,652
28,23,608
28,24,544
28,25,660
28,26,664
28,27,672
28,28,672
28,29,596
28,30,556
28,31,576
28,32,572
28,33,464
28,34,472
28,35,548
28,36,556
28,37,468
28,38,520
28,39,500
29,0,504
29,1,560
29,2,592
29,3,552
29,4,516
29,5,452
29,6,540
29,7,640
29,8,572
29,9,544
29,10,552
29,11,592
29,12,668
29,13,612
29,14,644
29,15,612
29,16,604
29,17,664
29,18,588
29,19,604
29,20,620
29,21,624
29,22,540
29,23,640
29,24,604
29,25,616
29,26,656
29,27,660
29,28,536
29,29,604
29,30,608
29,31,660
29,32,596
29,33,632
29,34,528
29,35,488
29,36,508
29,37,520
29,38,516
29,39,552
30,0,456
30,1,552
30,2,572
30,3,564
30,4,484
30,5,584
30,6,620
30,7,564
30,8,656
30,9,544
30,10,588
30,11,568
30,12,616
30,13,676
30,14,596
30,15,512
30,16,676
30,17,672
30,18,684
30,19,676
30,20,644
30,21,580
30,22,736
30,23,680
30,24,692
30,25,676
30,26,660
30,27,660
30,28,668
30,29,580
30,30,648
30,31,508
30,32,520
30,33,628
30,34,612
30,35,624
30,36,532
30,37,556
30,38,468
30,39,612
31,0,620
31,1,732
31,2,632
31,3,604
31,4,500
31,5,648
31,6,672
31,7,648
31,8,664
31,9,672
31,10,616
31,11,696
31,12,724
31,13,724
31,14,684
31,15,772
31,16,780
31,17,628
31,18,784
31,19,676
31,20,652
31,21,804
31,22,756
31,23,672
31,24,676
31,25,704
31,26,660
31,27,696
31,28,620
31,29,668
31,30,760
31,31,740
31,32,604
31,33,596
31,34,592
31,35,628
31,36,600
31,37,616
31,38,588
31,39,452
32,0,608
32,1,540
32,2,580
32,3,608
32,4,632
32,5,596
32,6,572
32,7,796
32,8,724
32,9,644
32,10,624
32,11,628
32,12,720
32,13,796
32,14,740
32,15,664
32,16,740
32,17,808
32,18,780
32,19,732
32,20,788
32,21,752
32,22,756
32,23,832
32,24,736
32,25,760
32,26,684
32,27,728
32,28,732
32,29,748
32,30,700
32,31,652
32,32,660
32,33,692
32,34,636
32,35,604
32,36,532
32,37,596
32,38,620
32,39,704
33,0,560
33,1,572
33,2,708
33,3,700
33,4,640
33,5,620
33,6,584
33,7,760
33,8,684
33,9,696
33,10,652
33,11,880
33,12,744
33,13,844
33,14,684
33,15,680
33,16,780
33,17,712
33,18,840
33,19,824
33,20,776
33,21,780
33,22,856
33,23,764
33,24,808
33,25,792
33,26,780
33,27,816
33,28,772
33,29,856
33,30,676
33,31,648
33,32,772
33,33,704
33,34,604
33,35,656
33,36,576
33,37,608
33,38,564
33,39,684
34,0,704
34,1,732
34,2,716
34,3,772
34,4,752
34,5,660
34,6,716
34,7,768
34,8,780
34,9,748
34,10,804
34,11,664
34,12,724
34,13,864
34,14,832
34,15,784
34,16,792
34,17,808
34,18,916
34,19,868
34,20,864
34,21,812
34,22,776
34,23,768
34,24,864
34,25,948
34,26,832
34,27,808
34,28,872
34,29,816
34,30,736
34,31,768
34,32,760
34,33,720
34,34,836
34,35,616
34,36,808
34,37,804
34,38,668
34,39,672
35,0,624
35,1,728
35,2,660
35,3,748
35,4,792
35,5,760
35,6,728
35,7,872
35,8,872
35,9,852
35,10,848
35,11,772
35,12,876
35,13,932
35,14,872
35,15,848
35,16,908
35,17,876
35,18,860
35,19,892
35,20,944
35,21,848
35,22,984
35,23,992
35,24,928
35,25,788
35,26,840
35,27,844
35,28,880
35,29,852
35,30,928
35,31,744
35,32,780
35,33,784
35,34,748
35,35,720
35,36,732
35,37,692
35,38,752
35,39,728
36,0,676
36,1,796
36,2,740
36,3,836
36,4,776
36,5,788
36,6,708
36,7,900
36,8,836
36,9,908
36,10,768
36,11,824
36,12,868
36,13,912
36,14,944
36,15,904
36,16,992
36,17,936
36,18,1208
36,19,1012
36,20,908
36,21,1024
36,22,1028
36,23,928
36,24,836
36,25,892
36,26,1040
36,27,1032
36,28,1004
36,29,924
36,30,808
36,31,912
36,32,840
36,33,820
36,34,780
36,35,760
36,36,804
36,37,836
36,38,772
36,39,680
37,0,728
37,1,808
37,2,760
37,3,896
37,4,944
37,5,888
37,6,864
37,7,816
37,8,944
37,9,928
37,10,1004
37,11,1028
37,12,908
37,13,1032
37,14,924
37,15,900
37,16,996
37,17,964
37,18,932
37,19,944
37,20,948
37,21,1040
37,22,968
37,23,964
37,24,948
37,25,1028
37,26,988
37,27,952
37,28,992
37,29,1012
37,30,840
37,31,972
37,32,860
37,33,948
37,34,840
37,35,768
37,36,808
37,37,800
37,38,748
37,39,832
38,0,728
38,1,772
38,2,780
38,3,920
38,4,948
38,5,824
38,6,1072
38,7,900
38,8,1004
38,9,980
38,10,1016
38,11,948
38,12,972
38,13,1044
38,14,1032
38,15,1048
38,16,1128
38,17,1152
38,18,1120
38,19,1004
38,20,1060
38,21,1108
38,22,992
38,23,1184
38,24,940
38,25,1000
38,26,1080
38,27,1080
38,28,1020
38,29,1024
38,30,1008
38,31,940
38,32,896
38,33,948
38,34,924
38,35,920
38,36,892
38,37,848
38,38,792
38,39,772
39,0,852
39,1,832
39,2,980
39,3,844
39,4,1056
39,5,980
39,6,1068
39,7,868
39,8,956
39,9,1132
39,10,1036
39,11,1020
39,12,1028
39,13,1192
39,14,1116
39,15,1132
39,16,1156
39,17,1136
39,18,1140
39,19,1248
39,20,1160
39,21,1108
39,22,1324
39,23,1232
39,24,1160
39,25,1172
39,26,1196
39,27,1228
39,28,1012
39,29,1128
39,30,960
39,31,1032
39,32,1068
39,33,956
39,34,924
39,35,916
39,36,1016
39,37,832
39,38,712
39,39,836
40,0,836
40,1,1016
40,2,932
40,3,988
40,4,976
40,5,1044
40,6,1048
40,7,1004
40,8,1048
40,9,1080
40,10,1080
40,11,1132
40,12,1052
40,13,1164
40,14,1196
40,15,1224
40,16,1228
40,17,1304
40,18,1284
40,19,1208
40,20,1268
40,21,1332
40,22,1260
40,23,1236
40,24,1124
40,25,1192
40,26,1360
40,27,1112
40,28,1152
40,29,1096
40,30,1196
40,31,1008
40,32,1048
40,33,1176
40,34,856
40,35,1136
40,36,1104
40,37,1044
40,38,988
40,39,996
41,0,988
41,1,968
41,2,1000
41,3,968
41,4,1100
41,5,1228
41,6,1120
41,7,1152
41,8,1148
41,9,1160
41,10,1164
41,11,1324
41,12,1220
41,13,1192
41,14,1416
41,15,1324
41,16,1244
41,17,1356
41,18,1376
41,19,1372
41,20,1408
41,21,1332
41,22,1392
41,23,1424
41,24,1300
41,25,1336
41,26,1312
41,27,1256
41,28,1376
41,29,1224
41,30,1096
41,31,1144
41,32,1168
41,33,1140
41,34,1076
41,35,1120
41,36,1016
41,37,1052
41,38,1056
41,39,892
42,0,1020
42,1,1044
42,2,1080
42,3,1032
42,4,1112
42,5,1168
42,6,1152
42,7,1224
42,8,1156
42,9,1364
42,10,1156
42,11,1288
42,12,1332
42,13,1220
42,14,1292
42,15,1540
42,16,1452
42,17,1400
42,18,1500
42,19,1444
42,20,1464
42,21,1440
42,22,1492
42,23,1372
42,24,1452
42,25,1516
42,26,1484
42,27,1348
42,28,1320
42,29,1320
42,30,1276
42,31,1340
42,32,1380
42,33,1268
42,34,1256
42,35,1264
42,36,1100
42,37,956
42,38,1044
42,39,976
43,0,968
43,1,1080
43,2,1156
43,3,1244
43,4,1208
43,5,1240
43,6,1268
43,7,1156
43,8,1312
43,9,1420
43,10,1332
43,11,1452
43,12,1476
43,13,1416
43,14,1444
43,15,1480
43,16,1528
43,17,1528
43,18,1612
43,19,1552
43,20,1540
43,21,1616
43,22,1624
43,23,1336
43,24,1460
43,25,1504
43,26,1464
43,27,1568
43,28,1440
43,29,1396
43,30,1344
43,31,1324
43,32,1268
43,33,1216
43,34,1324
43,35,1116
43,36,1196
43,37,1168
43,38,1112
43,39,1076
44,0,1208
44,1,1136
44,2,1140
44,3,1184
44,4,1232
44,5,1324
44,6,1340
44,7,1364
44,8,1460
44,9,1424
44,10,1512
44,11,1372
44,12,1524
44,13,1428
44,14,1580
44,15,1624
44,16,1700
44,17,1704
44,18,1744
44,19,1556
44,20,1612
44,21,1740
44,22,1708
44,23,1568
44,24,1740
44,25,1600
44,26,1552
44,27,1664
44,28,1488
44,29,1504
44,30,1532
44,31,1504
44,32,1364
44,33,1428
44,34,1408
44,35,1284
44,36,1248
44,37,1212
44,38,1276
44,39,1104
45,0,1236
45,1,1144
45,2,1408
45,3,1356
45,4,1436
45,5,1472
45,6,1500
45,7,1400
45,8,1492
45,9,1600
45,10,1652
45,11,1708
45,12,1560
45,13,1572
45,14,1728
45,15,1880
45,16,1684
45,17,1856
45,18,1860
45,19,1984
45,20,1744
45,21,1744
45,22,1892
45,23,1828
45,24,1760
45,25,1896
45,26,1620
45,27,1712
45,28,1640
45,29,1640
45,30,1580
45,31,1456
45,32,1552
45,33,1580
45,34,1404
45,35,1400
45,36,1280
45,37,1248
45,38,1112
45,39,1076
46,0,1204
46,1,1396
46,2,1220
46,3,1388
46,4,1348
46,5,1496
46,6,1588
46,7,1712
46,8,1668
46,9,1584
46,10,1836
46,11,1772
46,12,1808
46,13,1712
46,14,1936
46,15,1860
46,16,2056
46,17,2108
46,18,2128
46,19,1808
46,20,2008
46,21,1992
46,22,2008
46,23,1964
46,24,1980
46,25,1856
46,26,1916
46,27,1812
46,28,1772
46,29,1692
46,30,1832
46,31,1688
46,32,1708
46,33,1692
46,34,1544
46,35,1496
46,36,1444
46,37,1444
46,38,1224
46,39,1156
47,0,1396
47,1,1392
47,2,1560
47,3,1416
47,4,1516
47,5,1884
47,6,1696
47,7,1740
47,8,1772
47,9,1804
47,10,1844
47,11,1896
47,12,2000
47,13,1844
47,14,2020
47,15,2020
47,16,2120
47,17,2180
47,18,2344
47,19,2256
47,20,2076
47,21,2336
47,22,2260
47,23,2244
47,24,2056
47,25,2020
47,26,1880
47,27,1896
47,28,1996
47,29,1968
47,30,1788
47,31,1984
47,32,1780
47,33,1644
47,34,1516
47,35,1536
47,36,1632
47,37,1384
47,38,1340
47,39,1276
48,0,1436
48,1,1732
48,2,1532
48,3,1648
48,4,1708
48,5,1648
48,6,1820
48,7,1864
48,8,1856
48,9,2048
48,10,1928
48,11,2044
48,12,2060
48,13,2068
48,14,2088
48,15,2168
48,16,2440
48,17,2284
48,18,2512
48,19,2380
48,20,2312
48,21,2248
48,22,2356
48,23,2228
48,24,2080
48,25,2304
48,26,2228
48,27,2100
48,28,2068
48,29,1876
48,30,2056
48,31,2104
48,32,1980
48,33,1792
48,34,1748
48,35,1768
48,36,1552
48,37,1444
48,38,1372
48,39,1524
49,0,1548
49,1,1656
49,2,1676
49,3,1872
49,4,1872
49,5,1808
49,6,1896
49,7,1940
49,8,2136
49,9,2176
49,10,2080
49,11,2192
49,12,2396
49,13,2476
49,14,2268
49,15,2356
49,16,2448
49,17,2448
49,18,2648
49,19,2496
49,20,2520
49,21,2808
49,22,2528
49,23,2660
49,24,2664
49,25,2364
49,26,2296
49,27,2292
49,28,2288
49,29,2208
49,30,2112
49,31,2048
49,32,2164
49,33,1944
49,34,1760
49,35,1744
49,36,1764
49,37,1532
49,38,1564
49,39,1368
50,0,1692
50,1,1724
50,2,1728
50,3,1836
50,4,1716
50,5,2132
50,6,2008
50,7,2212
50,8,2100
50,9,2392
50,10,2316
50,11,2452
50,12,2656
50,13,2552
50,14,2564
50,15,2740
50,16,2720
50,17,2932
50,18,3064
50,19,2800
50,20,2772
50,21,2728
50,22,2716
50,23,2676
50,24,2744
50,25,2560
50,26,2704
50,27,2476
50,28,2496
50,29,2432
50,30,2548
50,31,2340
50,32,2084
50,33,2012
50,34,2080
50,35,2004
50,36,1812
50,37,1664
50,38,1628
50,39,1644
51,0,1836
51,1,1800
51,2,1764
51,3,1956
51,4,2192
51,5,2120
51,6,2364
51,7,2284
51,8,2568
51,9,2724
51,10,2708
51,11,2656
51,12,2668
51,13,2868
51,14,2856
51,15,2948
51,16,3008
51,17,2944
51,18,3172
51,19,3320
51,20,3012
51,21,3064
51,22,3208
51,23,3088
51,24,3048
51,25,2816
51,26,2696
51,27,2872
51,28,2616
51,29,2652
51,30,2412
51,31,2300
51,32,2296
51,33,2296
51,34,2136
51,35,2096
51,36,1828
51,37,1992
51,38,1952
51,39,1716
52,0,1768
52,1,2028
52,2,2124
52,3,2100
52,4,2176
52,5,2376
52,6,2320
52,7,2648
52,8,2552
52,9,2784
52,10,2932
52,11,2884
52,12,2964
52,13,3028
52,14,3228
52,15,2944
52,16,3240
52,17,3348
52,18,3420
52,19,3608
52,20,3256
52,21,3276
52,22,3468
52,23,3304
52,24,3176
52,25,3272
52,26,3120
52,27,3072
52,28,2840
52,29,2936
52,30,2720
52,31,2800
52,32,2512
52,33,2452
52,34,2208
52,35,2124
52,36,2184
52,37,1860
52,38,2020
52,39,1704
53,0,1988
53,1,2084
53,2,2172
53,3,2176
53,4,2476
53,5,2392
53,6,2384
53,7,2696
53,8,2936
53,9,2992
53,10,3012
53,11,3180
53,12,3396
53,13,3412
53,14,3492
53,15,3492
53,16,3876
53,17,3676
53,18,3760
53,19,3780
53,20,3856
53,21,3948
53,22,3928
53,23,3740
53,24,3400
53,25,3436
53,26,3564
53,27,3404
53,28,3332
53,29,3104
53,30,3020
53,31,2976
53,32,2644
53,33,2516
53,34,2472
53,35,2316
53,36,2276
53,37,2104
53,38,2100
53,39,1896
54,0,1968
54,1,2184
54,2,2108
54,3,2304
54,4,2528
54,5,2644
54,6,2844
54,7,2880
54,8,3100
54,9,3300
54,10,3284
54,11,3480
54,12,3584
54,13,3636
54,14,3992
54,15,3680
54,16,4208
54,17,4068
54,18,4244
54,19,4024
54,20,4108
54,21,4244
54,22,4072
54,23,3988
54,24,4100
54,25,4068
54,26,3840
54,27,3540
54,28,3436
54,29,3468
54,30,3224
54,31,3012
54,32,3112
54,33,2844
54,34,2672
54,35,2488
54,36,2428
54,37,2384
54,38,2172
54,39,1948
55,0,2284
55,1,2356
55,2,2640
55,3,2428
55,4,2692
55,5,2924
55,6,2940
55,7,3144
55,8,3124
55,9,3848
55,10,3912
55,11,3880
55,12,3864
55,13,4072
55,14,4624
55,15,4244
55,16,4584
55,17,4560
55,18,4744
55,19,4608
55,20,4444
55,21,5120
55,22,4424
55,23,4464
55,24,4224
55,25,4576
55,26,4344
55,27,4048
55,28,3912
55,29,3684
55,30,3700
55,31,3432
55,32,3240
55,33,3192
55,34,2888
55,35,2732
55,36,2840
55,37,2284
55,38,2264
55,39,2220
56,0,2436
56,1,2420
56,2,2664
56,3,2868
56,4,2832
56,5,3028
56,6,3548
56,7,3392
56,8,3644
56,9,3812
56,10,4208
56,11,4108
56,12,4412
56,13,4640
56,14,4976
56,15,4932
56,16,5032
56,17,5072
56,18,5284
56,19,4988
56,20,5136
56,21,5352
56,22,5144
56,23,5004
56,24,4980
56,25,5144
56,26,4512
56,27,4484
56,28,4460
56,29,4088
56,30,3964
56,31,3672
56,32,3540
56,33,3304
56,34,3208
56,35,2840
56,36,2708
56,37,2604
56,38,2300
56,39,2344
57,0,2656
57,1,2636
57,2,2872
57,3,3224
57,4,3168
57,5,3520
57,6,3304
57,7,3828
57,8,3828
57,9,4192
57,10,4532
57,11,4672
57,12,4776
57,13,4912
57,14,5632
57,15,5512
57,16,5268
57,17,6044
57,18,6032
57,19,5788
57,20,5628
57,21,6196
57,22,5556
57,23,5524
57,24,5788
57,25,5388
57,26,5208
57,27,5032
57,28,4772
57,29,4360
57,30,4284
57,31,4084
57,32,3944
57,33,3452
57,34,3160
57,35,3104
57,36,2888
57,37,2832
57,38,2704
57,39,2344
58,0,2744
58,1,2940
58,2,2864
58,3,3116
58,4,3500
58,5,3660
58,6,3820
58,7,4104
58,8,4324
58,9,4512
58,10,4864
58,11,5220
58,12,5452
58,13,5460
58,14,5872
58,15,6108
58,16,6456
58,17,6464
58,18,6804
58,19,6540
58,20,6544
58,21,6764
58,22,6540
58,23,6212
58,24,6488
58,25,6272
58,26,5628
58,27,5852
58,28,5388
58,29,4948
58,30,4544
58,31,4412
58,32,3976
58,33,3804
58,34,3592
58,35,3448
58,36,3144
58,37,2964
58,38,2676
58,39,2480
59,0,2892
59,1,3076
59,2,3312
59,3,3476
59,4,3468
59,5,3932
59,6,4064
59,7,4344
59,8,4576
59,9,4884
59,10,5332
59,11,5708
59,12,6160
59,13,6220
59,14,6828
59,15,6832
59,16,7616
59,17,7640
59,18,7596
59,19,7660
59,20,7756
59,21,7908
59,22,7032
59,23,7532
59,24,7428
59,25,7060
59,26,6604
59,27,6000
59,28,5948
59,29,5472
59,30,4896
59,31,4884
59,32,4396
59,33,4040
59,34,3828
59,35,3808
59,36,3312
59,37,2976
59,38,3092
59,39,3000
60,0,3036
60,1,3336
60,2,3460
60,3,3888
60,4,4028
60,5,4256
60,6,4360
60,7,5000
60,8,5308
60,9,5500
60,10,5868
60,11,6140
60,12,6740
60,13,7104
60,14,7352
60,15,7864
60,16,8396
60,17,8540
60,18,9116
60,19,8724
60,20,8708
60,21,8900
60,22,8268
60,23,8548
60,24,8332
60,25,7608
60,26,7172
60,27,6736
60,28,6408
60,29,6028
60,30,5804
60,31,5172
60,32,4848
60,33,4440
60,34,4324
60,35,3596
60,36,3408
60,37,3396
60,38,3072
60,39,3024
61,0,3020
61,1,3524
61,2,3736
61,3,3956
61,4,4344
61,5,4468
61,6,5092
61,7,5400
61,8,5560
61,9,5804
61,10,6452
61,11,7008
61,12,7388
61,13,8196
61,14,8420
61,15,9132
61,16,9876
61,17,10100
61,18,10284
61,19,10340
61,20,10376
61,21,10636
61,22,9832
61,23,9784
61,24,9612
61,25,8520
61,26,7996
61,27,7604
61,28,7260
61,29,6492
61,30,6172
61,31,5764
61,32,5252
61,33,5104
61,34,4392
61,35,4056
61,36,3848
61,37,3716
61,38,3432
61,39,3120
62,0,3552
62,1,3424
62,2,3860
62,3,4372
62,4,4644
62,5,5064
62,6,5344
62,7,5752
62,8,6228
62,9,6748
62,10,7152
62,11,7964
62,12,8444
62,13,9160
62,14,9980
62,15,10476
62,16,10908
62,17,12128
62,18,12600
62,19,12484
62,20,12100
62,21,12468
62,22,11388
62,23,11192
62,24,10424
62,25,10016
62,26,9496
62,27,8768
62,28,7652
62,29,6904
62,30,6728
62,31,6388
62,32,5960
62,33,4960
62,34,4740
62,35,4412
62,36,4084
62,37,3892
62,38,3436
62,39,3180
63,0,3404
63,1,3860
63,2,4016
63,3,4672
63,4,4956
63,5,5420
63,6,5848
63,7,6656
63,8,7340
63,9,7524
63,10,8176
63,11,9016
63,12,9880
63,13,10544
63,14,11324
63,15,12252
63,16,13200
63,17,14068
63,18,14576
63,19,14748
63,20,15064
63,21,14508
63,22,14016
63,23,13296
63,24,12456
63,25,11132
63,26,10468
63,27,9480
63,28,8764
63,29,8324
63,30,7312
63,31,7108
63,32,6112
63,33,5756
63,34,4936
63,35,4984
63,36,4560
63,37,4008
63,38,3744
63,39,3432
64,0,3800
64,1,4104
64,2,4200
64,3,4900
64,4,5164
64,5,5796
64,6,6184
64,7,6920
64,8,7576
64,9,8700
64,10,9380
64,11,9976
64,12,10860
64,13,11628
64,14,13008
64,15,14304
64,16,15128
64,17,16540
64,18,17644
64,19,18272
64,20,18320
64,21,17320
64,22,15944
64,23,15796
64,24,13856
64,25,13088
64,26,11600
64,27,10944
64,28,9588
64,29,8856
64,30,8476
64,31,7736
64,32,7032
64,33,6136
64,34,5472
64,35,5244
64,36,4660
64,37,4432
64,38,3932
64,39,3448
65,0,3964
65,1,4288
65,2,4800
65,3,5156
65,4,5476
65,5,6380
65,6,6972
65,7,7328
65,8,7920
65,9,9076
65,10,10260
65,11,11464
65,12,12128
65,13,13540
65,14,15008
65,15,16568
65,16,17692
65,17,19848
65,18,21252
65,19,21676
65,20,21436
65,21,21148
65,22,19148
65,23,17828
65,24,16472
65,25,14708
65,26,13632
65,27,12200
65,28,11052
65,29,10128
65,30,9120
65,31,7992
65,32,7076
65,33,6528
65,34,5976
65,35,5512
65,36,5128
65,37,4468
65,38,4016
65,39,3800
66,0,4408
66,1,4592
66,2,4988
66,3,5520
66,4,5936
66,5,6480
66,6,7224
66,7,8312
66,8,8740
66,9,9968
66,10,11428
66,11,12584
66,12,13476
66,13,15276
66,14,16856
66,15,18644
66,16,20840
66,17,23160
66,18,25072
66,19,26240
66,20,26216
66,21,24220
66,22,22484
66,23,20780
66,24,18764
66,25,17320
66,26,15184
66,27,13644
66,28,12520
66,29,10744
66,30,9740
66,31,8732
66,32,7828
66,33,6964
66,34,6444
66,35,5828
66,36,5092
66,37,4804
66,38,4448
66,39,4332
67,0,4176
67,1,4728
67,2,5484
67,3,5796
67,4,6500
67,5,6876
67,6,7444
67,7,8392
67,8,9772
67,9,10964
67,10,12268
67,11,13864
67,12,15352
67,13,17136
67,14,19304
67,15,21228
67,16,24036
67,17,26488
67,18,29076
67,19,31252
67,20,30600
67,21,28092
67,22,25164
67,23,23532
67,24,21484
67,25,18928
67,26,16908
67,27,15012
67,28,13484
67,29,12356
67,30,10888
67,31,9684
67,32,8296
67,33,7584
67,34,6852
67,35,6260
67,36,5820
67,37,5220
67,38,4884
67,39,4356
68,0,4540
68,1,5012
68,2,5396
68,3,6212
68,4,6724
68,5,7612
68,6,8060
68,7,9044
68,8,10588
68,9,12088
68,10,13472
68,11,15048
68,12,17188
68,13,19724
68,14,21088
68,15,23768
68,16,27304
68,17,30752
68,18,32884
68,19,34640
68,20,35780
68,21,32816
68,22,30524
68,23,28044
68,24,24100
68,25,21032
68,26,19152
68,27,16844
68,28,14876
68,29,13164
68,30,11800
68,31,10180
68,32,8900
68,33,8084
68,34,7104
68,35,6404
68,36,5972
68,37,5468
68,38,4812
68,39,4252
69,0,4752
69,1,5332
69,2,6144
69,3,6328
69,4,6964
69,5,8000
69,6,9288
69,7,9868
69,8,10984
69,9,12448
69,10,14232
69,11,16928
69,12,18984
69,13,20392
69,14,23500
69,15,26760
69,16,30268
69,17,33408
69,18,36768
69,19,39624
69,20,40620
69,21,36516
69,22,33748
69,23,30308
69,24,26032
69,25,23712
69,26,20692
69,27,18304
69,28,16060
69,29,14332
69,30,12440
69,31,10536
69,32,9548
69,33,8320
69,34,7680
69,35,7016
69,36,6236
69,37,5652
69,38,5048
69,39,4412
70,0,4984
70,1,5436
70,2,5748
70,3,6812
70,4,7244
70,5,8364
70,6,9232
70,7,10888
70,8,11664
70,9,13616
70,10,15232
70,11,17060
70,12,19984
70,13,22560
70,14,25412
70,15,28432
70,16,33120
70,17,37116
70,18,40128
70,19,43568
70,20,43520
70,21,40236
70,22,35776
70,23,32320
70,24,28356
70,25,25824
70,26,21852
70,27,20108
70,28,17676
70,29,15424
70,30,13244
70,31,11720
70,32,10136
70,33,8980
70,34,8348
70,35,7180
70,36,6352
70,37,5816
70,38,5116
70,39,4956
71,0,5076
71,1,5516
71,2,5984
71,3,6680
71,4,7880
71,5,8396
71,6,9720
71,7,11024
71,8,12644
71,9,13676
71,10,15840
71,11,18488
71,12,21392
71,13,24604
71,14,27600
71,15,31288
71,16,35068
71,17,40132
71,18,43788
71,19,46476
71,20,46504
71,21,44052
71,22,39688
71,23,34392
71,24,31500
71,25,27212
71,26,23588
71,27,21328
71,28,18148
71,29,15864
71,30,13636
71,31,12324
71,32,10820
71,33,9648
71,34,8252
71,35,7676
71,36,6604
71,37,5920
71,38,5508
71,39,4856
72,0,5120
72,1,5672
72,2,6536
72,3,6892
72,4,7712
72,5,8920
72,6,9596
72,7,11360
72,8,12912
72,9,15092
72,10,16740
72,11,19484
72,12,22272
72,13,25512
72,14,29300
72,15,33496
72,16,37204
72,17,40948
72,18,46044
72,19,49296
72,20,48596
72,21,46480
72,22,41988
72,23,36664
72,24,32252
72,25,28676
72,26,25708
72,27,21936
72,28,19124
72,29,16804
72,30,14540
72,31,12732
72,32,11460
72,33,9784
72,34,8788
72,35,7900
72,36,6948
72,37,6420
72,38,5636
72,39,5028
73,0,5436
73,1,5924
73,2,6812
73,3,7208
73,4,8248
73,5,9392
73,6,10232
73,7,11264
73,8,13716
73,9,15276
73,10,17736
73,11,19972
73,12,23632
73,13,26716
73,14,30076
73,15,34084
73,16,39012
73,17,43580
73,18,47544
73,19,51128
73,20,51872
73,21,47732
73,22,41952
73,23,38688
73,24,34132
73,25,30292
73,26,25932
73,27,21544
73,28,19816
73,29,17512
73,30,14880
73,31,13064
73,32,11372
73,33,10152
73,34,8984
73,35,7808
73,36,7500
73,37,6700
73,38,5876
73,39,5120
74,0,5612
74,1,6316
74,2,6744
74,3,7628
74,4,8516
74,5,9596
74,6,10672
74,7,12092
74,8,13596
74,9,15424
74,10,17588
74,11,20460
74,12,23692
74,13,26796
74,14,30824
74,15,34040
74,16,39396
74,17,43588
74,18,49084
74,19,53068
74,20,53312
74,21,48548
74,22,43992
74,23,38132
74,24,34744
74,25,29860
74,26,26744
74,27,23196
74,28,20120
74,29,17224
74,30,15176
74,31,13588
74,32,11964
74,33,10684
74,34,9052
74,35,8152
74,36,7168
74,37,6384
74,38,6044
74,39,5588
75,0,5696
75,1,6188
75,2,7060
75,3,8124
75,4,8520
75,5,9464
75,6,10808
75,7,11788
75,8,13924
75,9,15832
75,10,18352
75,11,21300
75,12,24516
75,13,27460
75,14,30832
75,15,34632
75,16,39708
75,17,45492
75,18,49936
75,19,53372
75,20,53996
75,21,49432
75,22,45052
75,23,39444
75,24,35372
75,25,30040
75,26,26792
75,27,23220
75,28,20460
75,29,17980
75,30,15572
75,31,13308
75,32,11704
75,33,10684
75,34,9648
75,35,8176
75,36,7392
75,37,7028
75,38,6128
75,39,5412
76,0,5832
76,1,6300
76,2,7116
76,3,7440
76,4,8512
76,5,9572
76,6,10688
76,7,12432
76,8,13948
76,9,15748
76,10,17808
76,11,21380
76,12,24524
76,13,28452
76,14,31504
76,15,34964
76,16,41028
76,17,45712
76,18,50052
76,19,53192
76,20,55036
76,21,50164
76,22,45240
76,23,40320
76,24,34828
76,25,30600
76,26,26668
76,27,23808
76,28,21092
76,29,17988
76,30,15592
76,31,13976
76,32,12360
76,33,10596
76,34,9500
76,35,8484
76,36,7660
76,37,6692
76,38,5828
76,39,5224
77,0,5704
77,1,6440
77,2,6940
77,3,7880
77,4,8652
77,5,10392
77,6,11364
77,7,12448
77,8,14440
77,9,16428
77,10,18644
77,11,20980
77,12,24480
77,13,27360
77,14,31676
77,15,36748
77,16,40848
77,17,46136
77,18,50032
77,19,53796
77,20,55556
77,21,49964
77,22,44756
77,23,40252
77,24,35056
77,25,31720
77,26,27596
77,27,23956
77,28,21200
77,29,18284
77,30,16020
77,31,13860
77,32,12472
77,33,11292
77,34,9788
77,35,8512
77,36,7552
77,37,6700
77,38,6036
77,39,5536
78,0,5696
78,1,6044
78,2,7080
78,3,7976
78,4,8904
78,5,9948
78,6,11248
78,7,12364
78,8,14392
78,9,16640
78,10,18744
78,11,21220
78,12,24024
78,13,27196
78,14,31908
78,15,35592
78,16,40248
78,17,44612
78,18,49432
78,19,53188
78,20,54980
78,21,50500
78,22,45228
78,23,40352
78,24,35680
78,25,31204
78,26,27728
78,27,24376
78,28,20764
78,29,18144
78,30,16600
78,31,14528
78,32,12576
78,33,11112
78,34,9356
78,35,8704
78,36,7472
78,37,7008
78,38,6244
78,39,5392
79,0,5796
79,1,6420
79,2,7348
79,3,7808
79,4,8896
79,5,10068
79,6,11196
79,7,12448
79,8,14184
79,9,16004
79,10,18820
79,11,21068
79,12,24132
79,13,28264
79,14,31840
79,15,35464
79,16,39692
79,17,45624
79,18,50924
79,19,53120
79,20,54092
79,21,49652
79,22,44968
79,23,39284
79,24,34840
79,25,31384
79,26,27904
79,27,24348
79,28,20984
79,29,18436
79,30,15816
79,31,13704
79,32,12112
79,33,10516
79,34,9760
79,35,8568
79,36,7704
79,37,6896
79,38,6260
79,39,5708
80,0,5972
80,1,6792
80,2,7224
80,3,7732
80,4,8956
80,5,9796
80,6,11272
80,7,12812
80,8,13764
80,9,16148
80,10,18452
80,11,21428
80,12,23880
80,13,27120
80,14,30672
80,15,35844
80,16,39276
80,17,44800
80,18,48576
80,19,54060
80,20,53652
80,21,48476
80,22,45424
80,23,39584
80,24,34380
80,25,30884
80,26,27160
80,27,23476
80,28,20596
80,29,17712
80,30,15324
80,31,13480
80,32,12092
80,33,10948
80,34,9748
80,35,8504
80,36,7760
80,37,6960
80,38,6512
80,39,5840
81,0,5844
81,1,6220
81,2,7408
81,3,7968
81,4,9032
81,5,9632
81,6,10908
81,7,12096
81,8,13712
81,9,16092
81,10,17944
81,11,20540
81,12,23992
81,13,26876
81,14,30908
81,15,34320
81,16,39524
81,17,44364
81,18,48960
81,19,51884
81,20,51944
81,21,47856
81,22,43972
81,23,39716
81,24,35560
81,25,30564
81,26,26416
81,27,23256
81,28,19992
81,29,17512
81,30,15352
81,31,13472
81,32,12476
81,33,10832
81,34,9680
81,35,8448
81,36,7852
81,37,7020
81,38,6348
81,39,5928
82,0,6008
82,1,6312
82,2,7056
82,3,8128
82,4,8804
82,5,9948
82,6,11324
82,7,12660
82,8,13936
82,9,16208
82,10,17484
82,11,20120
82,12,23632
82,13,27048
82,14,31128
82,15,34336
82,16,39100
82,17,43584
82,18,48608
82,19,52768
82,20,51844
82,21,48244
82,22,43372
82,23,37948
82,24,34008
82,25,30544
82,26,26456
82,27,22948
82,28,20320
82,29,18032
82,30,15468
82,31,14376
82,32,12508
82,33,11028
82,34,9504
82,35,9036
82,36,7800
82,37,7080
82,38,6472
82,39,5968
83,0,5828
83,1,6384
83,2,7344
83,3,8208
83,4,8856
83,5,10596
83,6,11136
83,7,12312
83,8,14132
83,9,15620
83,10,17724
83,11,20504
83,12,23532
83,13,25852
83,14,29828
83,15,34432
83,16,38360
83,17,42688
83,18,47536
83,19,51392
83,20,50324
83,21,48588
83,22,43144
83,23,37092
83,24,34036
83,25,29656
83,26,26528
83,27,22680
83,28,20004
83,29,16840
83,30,16132
83,31,13436
83,32,12004
83,33,10784
83,34,9836
83,35,8888
83,36,8184
83,37,7404
83,38,6776
83,39,6048
84,0,6032
84,1,6776
84,2,7616
84,3,8264
84,4,8848
84,5,9600
84,6,10904
84,7,12296
84,8,14068
84,9,15712
84,10,17556
84,11,19968
84,12,22740
84,13,25832
84,14,29868
84,15,33648
84,16,37628
84,17,42540
84,18,46896
84,19,50980
84,20,50988
84,21,48180
84,22,42192
84,23,37316
84,24,32952
84,25,29268
84,26,25308
84,27,22664
84,28,19752
84,29,17052
84,30,14868
84,31,13696
84,32,12588
84,33,10696
84,34,9640
84,35,8968
84,36,7408
84,37,7148
84,38,6552
84,39,5948
85,0,6120
85,1,6412
85,2,7296
85,3,7884
85,4,8748
85,5,9804
85,6,10884
85,7,12224
85,8,14004
85,9,15396
85,10,17540
85,11,19816
85,12,22600
85,13,25712
85,14,28816
85,15,32832
85,16,37736
85,17,42152
85,18,46436
85,19,49532
85,20,50144
85,21,46380
85,22,41428
85,23,36612
85,24,33016
85,25,29184
85,26,25828
85,27,21628
85,28,19780
85,29,17520
85,30,15364
85,31,13424
85,32,11868
85,33,11140
85,34,9844
85,35,8296
85,36,7840
85,37,7432
85,38,6436
85,39,5956
86,0,5800
86,1,6292
86,2,7348
86,3,7552
86,4,8144
86,5,9732
86,6,10704
86,7,12188
86,8,13828
86,9,15172
86,10,17060
86,11,20236
86,12,23016
86,13,25720
86,14,28640
86,15,32344
86,16,37316
86,17,41592
86,18,45540
86,19,49264
86,20,50460
86,21,44900
86,22,40272
86,23,35760
86,24,32260
86,25,29000
86,26,24504
86,27,22160
86,28,19548
86,29,17352
86,30,14960
86,31,13468
86,32,11920
86,33,11040
86,34,10040
86,35,8904
86,36,8140
86,37,6996
86,38,6432
86,39,5872
87,0,5920
87,1,6568
87,2,6796
87,3,7752
87,4,8568
87,5,9468
87,6,10548
87,7,11920
87,8,13564
87,9,15768
87,10,17392
87,11,19608
87,12,21624
87,13,24800
87,14,28824
87,15,32348
87,16,35840
87,17,40364
87,18,44756
87,19,49036
87,20,49900
87,21,44940
87,22,40520
87,23,34848
87,24,32488
87,25,28644
87,26,24464
87,27,21548
87,28,18852
87,29,16888
87,30,15216
87,31,13280
87,32,11664
87,33,10496
87,34,9376
87,35,8636
87,36,7956
87,37,7092
87,38,6620
87,39,5680
88,0,6180
88,1,6204
88,2,7072
88,3,7404
88,4,8708
88,5,9576
88,6,10572
88,7,11940
88,8,12948
88,9,14732
88,10,16652
88,11,18828
88,12,21648
88,13,24896
88,14,28716
88,15,31732
88,16,36248
88,17,40068
88,18,44532
88,19,48844
88,20,48020
88,21,45216
88,22,40236
88,23,34832
88,24,30948
88,25,27668
88,26,23772
88,27,21120
88,28,19132
88,29,16520
88,30,14876
88,31,12808
88,32,11516
88,33,10296
88,34,9184
88,35,8372
88,36,7848
88,37,6800
88,38,6072
88,39,6008
89,0,5596
89,1,6204
89,2,7012
89,3,7508
89,4,8336
89,5,9264
89,6,10560
89,7,12256
89,8,13716
89,9,14660
89,10,16488
89,11,19112
89,12,21540
89,13,25064
89,14,27816
89,15,31668
89,16,35340
89,17,39616
89,18,44256
89,19,49056
89,20,48952
89,21,44900
89,22,39312
89,23,34556
89,24,31036
89,25,27200
89,26,23620
89,27,21132
89,28,18304
89,29,16372
89,30,14324
89,31,12976
89,32,11096
89,33,10192
89,34,9116
89,35,8548
89,36,7332
89,37,7128
89,38,6400
89,39,5732
90,0,6016
90,1,6512
90,2,7036
90,3,7316
90,4,8452
90,5,9000
90,6,10260
90,7,11800
90,8,12844
90,9,14560
90,10,15952
90,11,18260
90,12,20836
90,13,24248
90,14,26888
90,15,30560
90,16,34540
90,17,39752
90,18,43916
90,19,48632
90,20,48096
90,21,42780
90,22,38660
90,23,33540
90,24,30060
90,25,26216
90,26,23508
90,27,19916
90,28,17540
90,29,15652
90,30,13980
90,31,12744
90,32,11536
90,33,10416
90,34,9032
90,35,8244
90,36,7356
90,37,6932
90,38,6264
90,39,5644
91,0,5664
91,1,6200
91,2,6856
91,3,7196
91,4,8476
91,5,9336
91,6,10336
91,7,11532
91,8,12780
91,9,13964
91,10,15632
91,11,18920
91,12,20192
91,13,23192
91,14,26168
91,15,30288
91,16,35052
91,17,39288
91,18,43800
91,19,47996
91,20,47516
91,21,42548
91,22,38488
91,23,33856
91,24,29932
91,25,26012
91,26,22824
91,27,19992
91,28,17452
91,29,15612
91,30,13912
91,31,12712
91,32,11272
91,33,10284
91,34,9404
91,35,8848
91,36,7884
91,37,6588
91,38,6536
91,39,5728
92,0,5548
92,1,6044
92,2,6848
92,3,7508
92,4,8324
92,5,8776
92,6,9820
92,7,11004
92,8,12200
92,9,14072
92,10,16152
92,11,18060
92,12,20812
92,13,23804
92,14,26268
92,15,30092
92,16,34084
92,17,39244
92,18,42908
92,19,47292
92,20,46536
92,21,41852
92,22,37440
92,23,33532
92,24,29616
92,25,26192
92,26,22200
92,27,19624
92,28,17268
92,29,15844
92,30,14012
92,31,12008
92,32,10588
92,33,10240
92,34,9260
92,35,8248
92,36,7792
92,37,7168
92,38,6448
92,39,5932
93,0,5492
93,1,6044
93,2,6860
93,3,7160
93,4,8108
93,5,8900
93,6,10068
93,7,11004
93,8,12084
93,9,13600
93,10,15212
93,11,18196
93,12,19996
93,13,22696
93,14,26380
93,15,29912
93,16,34580
93,17,38008
93,18,42988
93,19,48092
93,20,46024
93,21,42576
93,22,37652
93,23,32668
93,24,28868
93,25,25084
93,26,22540
93,27,19404
93,28,16916
93,29,15608
93,30,13572
93,31,12148
93,32,11176
93,33,10272
93,34,8960
93,35,7964
93,36,7348
93,37,6668
93,38,5932
93,39,5736
94,0,5300
94,1,5868
94,2,6652
94,3,7108
94,4,8048
94,5,9112
94,6,9708
94,7,10860
94,8,12344
94,9,14052
94,10,15092
94,11,17560
94,12,19848
94,13,21728
94,14,25688
94,15,29300
94,16,33088
94,17,37500
94,18,41952
94,19,46800
94,20,46916
94,21,40996
94,22,36824
94,23,32984
94,24,28896
94,25,24956
94,26,21780
94,27,19556
94,28,16956
94,29,14784
94,30,13328
94,31,12244
94,32,10804
94,33,9588
94,34,8984
94,35,8028
94,36,7368
94,37,6864
94,38,6088
94,39,5968
95,0,5484
95,1,6000
95,2,6732
95,3,7116
95,4,8080
95,5,8652
95,6,9212
95,7,10312
95,8,12112
95,9,13496
95,10,15144
95,11,17140
95,12,18948
95,13,21372
95,14,25076
95,15,28536
95,16,33232
95,17,37028
95,18,41164
95,19,46340
95,20,45676
95,21,41812
95,22,35448
95,23,31708
95,24,27840
95,25,24252
95,26,20688
95,27,18792
95,28,16252
95,29,14508
95,30,13084
95,31,12120
95,32,11440
95,33,9328
95,34,8592
95,35,7968
95,36,7372
95,37,6680
95,38,6256
95,39,5412
96,0,5552
96,1,5992
96,2,6548
96,3,7148
96,4,7732
96,5,8684
96,6,9388
96,7,10764
96,8,11704
96,9,12932
96,10,14956
96,11,16436
96,12,18256
96,13,21392
96,14,24480
96,15,27904
96,16,32552
96,17,36252
96,18,41948
96,19,45640
96,20,45520
96,21,41888
96,22,36156
96,23,31504
96,24,27676
96,25,23752
96,26,20476
96,27,17524
96,28,16180
96,29,14728
96,30,12788
96,31,11556
96,32,10228
96,33,9360
96,34,8440
96,35,7500
96,36,7164
96,37,6500
96,38,5788
96,39,5524
97,0,5348
97,1,5988
97,2,6624
97,3,7164
97,4,7684
97,5,8224
97,6,9748
97,7,10740
97,8,11256
97,9,12980
97,10,14420
97,11,15732
97,12,18416
97,13,20800
97,14,23924
97,15,27292
97,16,31160
97,17,35932
97,18,41180
97,19,45244
97,20,45872
97,21,40924
97,22,35904
97,23,31124
97,24,26712
97,25,23452
97,26,20596
97,27,17888
97,28,15448
97,29,14052
97,30,12764
97,31,11116
97,32,10204
97,33,9184
97,34,8516
97,35,7672
97,36,7168
97,37,6340
97,38,5824
97,39,5436
98,0,5492
98,1,5920
98,2,6124
98,3,7424
98,4,7600
98,5,8204
98,6,9428
98,7,10120
98,8,11448
98,9,12812
98,10,14272
98,11,15924
98,12,17892
98,13,20276
98,14,23164
98,15,27040
98,16,30348
98,17,35340
98,18,41012
98,19,45392
98,20,45616
98,21,39624
98,22,34888
98,23,30168
98,24,27452
98,25,23944
98,26,20392
98,27,18064
98,28,15896
98,29,13796
98,30,12572
98,31,11108
98,32,10316
98,33,9268
98,34,8276
98,35,7328
98,36,6980
98,37,6416
98,38,5912
98,39,5428
99,0,5208
99,1,5800
99,2,5964
99,3,6408
99,4,7440
99,5,8292
99,6,8980
99,7,10028
99,8,10992
99,9,12536
99,10,13948
99,11,15576
99,12,17560
99,13,20164
99,14,23008
99,15,25592
99,16,30168
99,17,35292
99,18,40120
99,19,44700
99,20,45312
99,21,39848
99,22,34352
99,23,30124
99,24,26512
99,25,23368
99,26,20104
99,27,17660
99,28,14996
99,29,14068
99,30,12604
99,31,11312
99,32,9696
99,33,9076
99,34,8420
99,35,7612
99,36,6860
99,37,6188
99,38,5736
99,39,5268
100,0,5500
100,1,5792
100,2,6408
100,3,6812
100,4,7700
100,5,7840
100,6,9084
100,7,9512
100,8,11108
100,9,12172
100,10,13888
100,11,15844
100,12,17244
100,13,19676
100,14,22816
100,15,26460
100,16,29948
100,17,34424
100,18,39500
100,19,45628
100,20,44480
100,21,39064
100,22,34388
100,23,29504
100,24,26228
100,25,22572
100,26,20112
100,27,17476
100,28,15156
100,29,13520
100,30,12304
100,31,10936
100,32,10172
100,33,9188
100,34,7856
100,35,7192
100,36,6804
100,37,6020
100,38,5476
100,39,4988
101,0,5156
101,1,5796
101,2,6204
101,3,6708
101,4,7056
101,5,8216
101,6,8696
101,7,9696
101,8,10728
101,9,11728
101,10,13296
101,11,15208
101,12,16888
101,13,19428
101,14,23056
101,15,25588
101,16,29556
101,17,34784
101,18,39688
101,19,43648
101,20,44292
101,21,39240
101,22,33048
101,23,29336
101,24,26196
101,25,22728
101,26,19336
101,27,17160
101,28,15280
101,29,13168
101,30,11644
101,31,10792
101,32,10124
101,33,8848
101,34,8164
101,35,7260
101,36,6228
101,37,5808
101,38,5436
101,39,5068
102,0,5000
102,1,5772
102,2,6212
102,3,6756
102,4,7124
102,5,8208
102,6,8720
102,7,9412
102,8,10556
102,9,12132
102,10,13500
102,11,14988
102,12,16904
102,13,19636
102,14,22228
102,15,25912
102,16,29224
102,17,33404
102,18,39456
102,19,44108
102,20,44860
102,21,39116
102,22,33480
102,23,29148
102,24,25296
102,25,22104
102,26,18880
102,27,16664
102,28,14988
102,29,13032
102,30,11808
102,31,10476
102,32,9444
102,33,8760
102,34,7708
102,35,6940
102,36,6808
102,37,5852
102,38,5700
102,39,5092
103,0,5204
103,1,5560
103,2,5984
103,3,6448
103,4,7348
103,5,8316
103,6,8644
103,7,9496
103,8,10948
103,9,11588
103,10,13044
103,11,14360
103,12,16376
103,13,18552
103,14,21888
103,15,25168
103,16,28840
103,17,33132
103,18,38844
103,19,44320
103,20,44772
103,21,38052
103,22,33112
103,23,27976
103,24,24664
103,25,21376
103,26,18892
103,27,16476
103,28,14572
103,29,13236
103,30,11292
103,31,10460
103,32,9344
103,33,8652
103,34,7664
103,35,7368
103,36,6556
103,37,6120
103,38,5288
103,39,5116
104,0,5004
104,1,5448
104,2,6108
104,3,6520
104,4,6868
104,5,7532
104,6,8380
104,7,9204
104,8,10520
104,9,11552
104,10,12556
104,11,14500
104,12,16112
104,13,18108
104,14,21628
104,15,24880
104,16,28740
104,17,33348
104,18,38780
104,19,43632
104,20,43500
104,21,38196
104,22,32920
104,23,28276
104,24,24212
104,25,20876
104,26,18644
104,27,16428
104,28,14464
104,29,12752
104,30,11944
104,31,10244
104,32,9368
104,33,8272
104,34,8332
104,35,7204
104,36,6644
104,37,5976
104,38,5380
104,39,4920
105,0,4816
105,1,5348
105,2,5660
105,3,6448
105,4,7116
105,5,7600
105,6,8652
105,7,9236
105,8,10012
105,9,11156
105,10,12612
105,11,14328
105,12,15800
105,13,18784
105,14,20428
105,15,23912
105,16,28128
105,17,33120
105,18,38524
105,19,43964
105,20,43576
105,21,37836
105,22,32684
105,23,27884
105,24,23864
105,25,20660
105,26,18096
105,27,16152
105,28,14300
105,29,12792
105,30,11568
105,31,10180
105,32,9344
105,33,7984
105,34,7620
105,35,7252
105,36,6592
105,37,5960
105,38,5452
105,39,5304
106,0,4624
106,1,5328
106,2,5932
106,3,6324
106,4,6872
106,5,7584
106,6,8264
106,7,9580
106,8,9832
106,9,11188
106,10,12340
106,11,13940
106,12,15796
106,13,17732
106,14,20516
106,15,23324
106,16,27920
106,17,33140
106,18,37804
106,19,43916
106,20,43352
106,21,38344
106,22,32788
106,23,27972
106,24,23464
106,25,20424
106,26,17876
106,27,16076
106,28,14344
106,29,12656
106,30,11136
106,31,10268
106,32,9124
106,33,8352
106,34,7520
106,35,7044
106,36,6628
106,37,5936
106,38,5404
106,39,5044
107,0,4836
107,1,5232
107,2,5704
107,3,6320
107,4,6912
107,5,7512
107,6,8000
107,7,8616
107,8,9780
107,9,10972
107,10,12224
107,11,13852
107,12,15488
107,13,17340
107,14,20116
107,15,23064
107,16,27660
107,17,32388
107,18,37372
107,19,42836
107,20,43856
107,21,37668
107,22,31248
107,23,26400
107,24,23072
107,25,19544
107,26,17444
107,27,16100
107,28,14208
107,29,12472
107,30,10956
107,31,10008
107,32,9292
107,33,7756
107,34,7540
107,35,7024
107,36,6244
107,37,5732
107,38,5256
107,39,4648
108,0,4676
108,1,5212
108,2,5544
108,3,5840
108,4,6456
108,5,7192
108,6,7844
108,7,8548
108,8,9740
108,9,10956
108,10,11916
108,11,13588
108,12,15508
108,13,17448
108,14,19852
108,15,22600
108,16,27100
108,17,32616
108,18,38080
108,19,42672
108,20,43772
108,21,36568
108,22,31564
108,23,27124
108,24,22716
108,25,19828
108,26,17612
108,27,15336
108,28,13548
108,29,12276
108,30,10576
108,31,10004
108,32,8896
108,33,8192
108,34,7364
108,35,6432
108,36,6292
108,37,5612
108,38,5112
108,39,4780
109,0,4576
109,1,5076
109,2,5280
109,3,5992
109,4,6680
109,5,7496
109,6,7740
109,7,8652
109,8,9472
109,9,10692
109,10,11848
109,11,13384
109,12,14900
109,13,17412
109,14,19552
109,15,23000
109,16,26920
109,17,31856
109,18,37008
109,19,42244
109,20,42572
109,21,36460
109,22,30900
109,23,26388
109,24,22992
109,25,19704
109,26,17596
109,27,15008
109,28,13104
109,29,12156
109,30,10684
109,31,9792
109,32,8736
109,33,7984
109,34,7148
109,35,6176
109,36,5944
109,37,5412
109,38,5192
109,39,4604
110,0,4656
110,1,5116
110,2,5788
110,3,5968
110,4,6380
110,5,7272
110,6,8004
110,7,8996
110,8,9608
110,9,10400
110,10,11628
110,11,13148
110,12,15464
110,13,16900
110,14,19728
110,15,22560
110,16,27000
110,17,31732
110,18,36696
110,19,43284
110,20,42608
110,21,36116
110,22,30448
110,23,25884
110,24,22064
110,25,19100
110,26,16600
110,27,15152
110,28,13528
110,29,11416
110,30,9936
110,31,9408
110,32,8572
110,33,7904
110,34,7192
110,35,6516
110,36,5996
110,37,5420
110,38,4876
110,39,4524
111,0,4432
111,1,5072
111,2,5352
111,3,5680
111,4,6408
111,5,6812
111,6,7816
111,7,8444
111,8,9416
111,9,10428
111,10,11720
111,11,13420
111,12,14884
111,13,16784
111,14,18836
111,15,22280
111,16,25680
111,17,31328
111,18,37280
111,19,42376
111,20,42808
111,21,35612
111,22,30452
111,23,25992
111,24,21764
111,25,19088
111,26,16776
111,27,14788
111,28,13032
111,29,11200
111,30,10180
111,31,9224
111,32,8376
111,33,7644
111,34,6996
111,35,6412
111,36,5552
111,37,5280
111,38,5168
111,39,4432
112,0,4680
112,1,5020
112,2,5160
112,3,5776
112,4,6636
112,5,6736
112,6,7548
112,7,8304
112,8,9068
112,9,9892
112,10,11520
112,11,13180
112,12,14324
112,13,16364
112,14,18576
112,15,22036
112,16,25696
112,17,30020
112,18,36208
112,19,41904
112,20,41636
112,21,36380
112,22,30488
112,23,24964
112,24,21712
112,25,19168
112,26,16300
112,27,14352
112,28,12696
112,29,11424
112,30,10792
112,31,9304
112,32,8576
112,33,7612
112,34,6752
112,35,6284
112,36,5812
112,37,5392
112,38,5096
112,39,4500
113,0,4660
113,1,4760
113,2,5580
113,3,6008
113,4,6292
113,5,6888
113,6,7460
113,7,8080
113,8,9232
113,9,10412
113,10,11308
113,11,12756
113,12,14560
113,13,16012
113,14,18000
113,15,21736
113,16,26096
113,17,30528
113,18,36076
113,19,42536
113,20,43100
113,21,36496
113,22,30792
113,23,25356
113,24,21556
113,25,18636
113,26,15904
113,27,13632
113,28,11972
113,29,11088
113,30,10368
113,31,9096
113,32,8000
113,33,7456
113,34,7008
113,35,6140
113,36,5428
113,37,5172
113,38,4768
113,39,4428
114,0,4476
114,1,4756
114,2,5208
114,3,5684
114,4,6156
114,5,6572
114,6,7512
114,7,8112
114,8,8868
114,9,9956
114,10,11356
114,11,12440
114,12,14096
114,13,16176
114,14,18612
114,15,20792
114,16,25204
114,17,30908
114,18,35824
114,19,41836
114,20,42104
114,21,35992
114,22,29868
114,23,24764
114,24,21156
114,25,17880
114,26,15444
114,27,14128
114,28,12240
114,29,11212
114,30,9976
114,31,8908
114,32,8300
114,33,7228
114,34,6252
114,35,6152
114,36,5564
114,37,5212
114,38,4732
114,39,4416
115,0,4508
115,1,4836
115,2,5388
115,3,5480
115,4,6256
115,5,6716
115,6,7260
115,7,7996
115,8,9148
115,9,9844
115,10,10572
115,11,11812
115,12,13748
115,13,15968
115,14,18052
115,15,21124
115,16,24380
115,17,29680
115,18,34744
115,19,42164
115,20,42560
115,21,35836
115,22,30628
115,23,25112
115,24,20020
115,25,17916
115,26,15756
115,27,14124
115,28,12280
115,29,11192
115,30,9760
115,31,9216
115,32,8052
115,33,7012
115,34,6676
115,35,5836
115,36,5700
115,37,4856
115,38,4844
115,39,4348
116,0,4416
116,1,4920
116,2,4988
116,3,5552
116,4,6076
116,5,6700
116,6,7264
116,7,8004
116,8,8676
116,9,9376
116,10,10584
116,11,11764
116,12,13844
116,13,15336
116,14,17964
116,15,20828
116,16,24456
116,17,29228
116,18,35052
116,19,42056
116,20,41636
116,21,34672
116,22,28484
116,23,24172
116,24,20652
116,25,17320
116,26,15192
116,27,13544
116,28,12104
116,29,11136
116,30,9544
116,31,8744
116,32,8108
116,33,6892
116,34,6624
116,35,6068
116,36,5344
116,37,5128
116,38,4604
116,39,4240
117,0,4024
117,1,4500
117,2,5164
117,3,5460
117,4,5900
117,5,6608
117,6,7024
117,7,7816
117,8,8444
117,9,9636
117,10,11208
117,11,11924
117,12,13748
117,13,14772
117,14,17724
117,15,19812
117,16,24416
117,17,29936
117,18,35952
117,19,41456
117,20,42300
117,21,34256
117,22,28996
117,23,24360
117,24,19876
117,25,17276
117,26,14864
117,27,12904
117,28,11924
117,29,10600
117,30,9304
117,31,8520
117,32,7916
117,33,7448
117,34,6496
117,35,6020
117,36,5364
117,37,5008
117,38,4560
117,39,4256
118,0,4024
118,1,4404
118,2,5088
118,3,5328
118,4,5884
118,5,6236
118,6,6872
118,7,7876
118,8,8256
118,9,9600
118,10,10056
118,11,12024
118,12,12860
118,13,14424
118,14,16932
118,15,19688
118,16,23768
118,17,29436
118,18,36028
118,19,41544
118,20,42880
118,21,33484
118,22,27876
118,23,23524
118,24,19880
118,25,16736
118,26,14480
118,27,13032
118,28,11760
118,29,10504
118,30,9172
118,31,8572
118,32,7676
118,33,7204
118,34,6212
118,35,5756
118,36,5432
118,37,4796
118,38,4512
118,39,4316
119,0,4020
119,1,4348
119,2,4940
119,3,5176
119,4,5824
119,5,6416
119,6,7208
119,7,7884
119,8,8484
119,9,9388
119,10,10236
119,11,11452
119,12,12672
119,13,14360
119,14,16620
119,15,19388
119,16,22844
119,17,28360
119,18,35260
119,19,41932
119,20,41756
119,21,33724
119,22,27208
119,23,23100
119,24,19432
119,25,16500
119,26,14744
119,27,13184
119,28,11512
119,29,10256
119,30,9460
119,31,8108
119,32,7596
119,33,6916
119,34,6176
119,35,5576
119,36,5244
119,37,4568
119,38,4236
119,39,4072
120,0,4036
120,1,4456
120,2,4640
120,3,5260
120,4,5692
120,5,6276
120,6,6832
120,7,7420
120,8,8380
120,9,9464
120,10,10208
120,11,10852
120,12,12848
120,13,14300
120,14,16112
120,15,19104
120,16,22292
120,17,27576
120,18,34996
120,19,41908
120,20,41544
120,21,33436
120,22,27728
120,23,22524
120,24,18808
120,25,16592
120,26,14484
120,27,12800
120,28,11452
120,29,10164
120,30,9296
120,31,8560
120,32,7080
120,33,6936
120,34,6324
120,35,5544
120,36,4988
120,37,4640
120,38,4444
120,39,3972
121,0,3812
121,1,4176
121,2,4604
121,3,5016
121,4,5408
121,5,6144
121,6,6988
121,7,7328
121,8,8252
121,9,8940
121,10,10216
121,11,10856
121,12,12208
121,13,14244
121,14,16272
121,15,19252
121,16,22196
121,17,27032
121,18,33852
121,19,42544
121,20,42392
121,21,33268
121,22,26668
121,23,22304
121,24,18512
121,25,16240
121,26,14412
121,27,12484
121,28,11284
121,29,10084
121,30,8788
121,31,8240
121,32,7040
121,33,7008
121,34,6280
121,35,5480
121,36,5104
121,37,4500
121,38,4320
121,39,3820
122,0,3744
122,1,4252
122,2,4392
122,3,4880
122,4,5568
122,5,6024
122,6,6584
122,7,7368
122,8,8044
122,9,8640
122,10,9776
122,11,10536
122,12,12260
122,13,13980
122,14,16420
122,15,18704
122,16,22008
122,17,26284
122,18,34028
122,19,42268
122,20,42508
122,21,33048
122,22,26992
122,23,21432
122,24,18168
122,25,15608
122,26,13920
122,27,12580
122,28,10984
122,29,9964
122,30,8736
122,31,7988
122,32,7256
122,33,6476
122,34,6000
122,35,5620
122,36,5120
122,37,4496
122,38,4008
122,39,3872
123,0,3676
123,1,3948
123,2,4580
123,3,5052
123,4,5388
123,5,5600
123,6,6316
123,7,7140
123,8,7948
123,9,8804
123,10,9760
123,11,11028
123,12,12496
123,13,13804
123,14,15736
123,15,18308
123,16,21256
123,17,26132
123,18,32860
123,19,41984
123,20,41732
123,21,32952
123,22,26080
123,23,21648
123,24,18544
123,25,16180
123,26,13848
123,27,12204
123,28,10992
123,29,9848
123,30,8268
123,31,7816
123,32,6880
123,33,6420
123,34,5584
123,35,5172
123,36,4932
123,37,4384
123,38,4144
123,39,3724
124,0,3568
124,1,4092
124,2,4236
124,3,4708
124,4,4908
124,5,5628
124,6,6296
124,7,6796
124,8,7172
124,9,8204
124,10,9308
124,11,10216
124,12,12068
124,13,13848
124,14,15792
124,15,17404
124,16,20980
124,17,25136
124,18,32408
124,19,42060
124,20,42060
124,21,32100
124,22,25120
124,23,20860
124,24,18040
124,25,15124
124,26,13284
124,27,11620
124,28,10352
124,29,9480
124,30,8728
124,31,7664
124,32,6976
124,33,6288
124,34,5816
124,35,5220
124,36,4832
124,37,4424
124,38,4124
124,39,3592
125,0,3688
125,1,3848
125,2,4160
125,3,4804
125,4,4840
125,5,5684
125,6,6008
125,7,6628
125,8,7564
125,9,8220
125,10,9224
125,11,10648
125,12,11444
125,13,13224
125,14,15208
125,15,17908
125,16,20120
125,17,25068
125,18,33000
125,19,43108
125,20,42100
125,21,31788
125,22,25124
125,23,20368
125,24,17296
125,25,15220
125,26,12524
125,27,11188
125,28,9864
125,29,9320
125,30,8328
125,31,7500
125,32,6696
125,33,6048
125,34,5360
125,35,5140
125,36,4436
125,37,4236
125,38,3800
125,39,3508
126,0,3308
126,1,3636
126,2,4300
126,3,4332
126,4,4764
126,5,5220
126,6,5824
126,7,6568
126,8,6956
126,9,7808
126,10,8664
126,11,9960
126,12,11508
126,13,13448
126,14,14664
126,15,17452
126,16,20376
126,17,25308
126,18,32512
126,19,43480
126,20,41696
126,21,31952
126,22,24968
126,23,19656
126,24,16768
126,25,14616
126,26,13132
126,27,11372
126,28,10284
126,29,8740
126,30,7988
126,31,7184
126,32,6448
126,33,5820
126,34,5616
126,35,4836
126,36,4620
126,37,4156
126,38,3544
126,39,3724
127,0,3352
127,1,3840
127,2,4108
127,3,4564
127,4,5032
127,5,5596
127,6,5888
127,7,6476
127,8,7112
127,9,7864
127,10,8424
127,11,9832
127,12,11260
127,13,12580
127,14,14636
127,15,17160
127,16,19752
127,17,24624
127,18,31404
127,19,42124
127,20,42404
127,21,31576
127,22,24668
127,23,19884
127,24,16692
127,25,14600
127,26,13088
127,27,11316
127,28,9868
127,29,8532
127,30,7736
127,31,7176
127,32,6648
127,33,6012
127,34,5308
127,35,4848
127,36,4284
127,37,4272
127,38,3652
127,39,3404
128,0,3276
128,1,4004
128,2,4008
128,3,4284
128,4,4784
128,5,5164
128,6,5648
128,7,6328
128,8,6712
128,9,7580
128,10,8808
128,11,10104
128,12,11084
128,13,12360
128,14,13824
128,15,16024
128,16,19656
128,17,23980
128,18,31088
128,19,42416
128,20,42664
128,21,31304
128,22,24092
128,23,19628
128,24,16704
128,25,14372
128,26,12292
128,27,11096
128,28,9752
128,29,8520
128,30,7636
128,31,7060
128,32,6236
128,33,5824
128,34,5212
128,35,4800
128,36,4328
128,37,3848
128,38,3756
128,39,3228
129,0,3304
129,1,3504
129,2,3928
129,3,4112
129,4,4420
129,5,4948
129,6,5224
129,7,6200
129,8,7040
129,9,7632
129,10,8696
129,11,9284
129,12,10628
129,13,12128
129,14,14172
129,15,15536
129,16,18756
129,17,23440
129,18,30672
129,19,42156
129,20,43088
129,21,29788
129,22,24052
129,23,19612
129,24,16252
129,25,13796
129,26,12296
129,27,10284
129,28,9596
129,29,8892
129,30,7716
129,31,6872
129,32,6128
129,33,5632
129,34,4916
129,35,4716
129,36,4320
129,37,3828
129,38,3640
129,39,2972
130,0,3204
130,1,3436
130,2,3560
130,3,4164
130,4,4560
130,5,4872
130,6,5512
130,7,5920
130,8,6444
130,9,7768
130,10,8200
130,11,8936
130,12,10328
130,13,11792
130,14,13088
130,15,15648
130,16,18648
130,17,23040
130,18,30948
130,19,42568
130,20,42128
130,21,29316
130,22,22476
130,23,18464
130,24,15848
130,25,13196
130,26,11736
130,27,10652
130,28,9412
130,29,8240
130,30,7192
130,31,6576
130,32,5940
130,33,5472
130,34,4840
130,35,4508
130,36,4112
130,37,3936
130,38,3404
130,39,3272
131,0,3028
131,1,3416
131,2,3480
131,3,3836
131,4,4268
131,5,4716
131,6,5176
131,7,5740
131,8,6464
131,9,6884
131,10,7964
131,11,9104
131,12,9808
131,13,11364
131,14,13116
131,15,15572
131,16,18020
131,17,22516
131,18,29244
131,19,43192
131,20,41628
131,21,29744
131,22,21632
131,23,18584
131,24,14924
131,25,12964
131,26,11720
131,27,10228
131,28,9036
131,29,8024
131,30,7540
131,31,6612
131,32,6028
131,33,5168
131,34,4624
131,35,4196
131,36,3836
131,37,3684
131,38,3484
131,39,3148
132,0,2996
132,1,3116
132,2,3460
132,3,3868
132,4,4292
132,5,4612
132,6,5148
132,7,5460
132,8,6412
132,9,6808
132,10,7708
132,11,8332
132,12,9488
132,13,10848
132,14,12352
132,15,14664
132,16,18384
132,17,22136
132,18,28128
132,19,42012
132,20,40808
132,21,27396
132,22,21304
132,23,17220
132,24,14544
132,25,12648
132,26,11252
132,27,10032
132,28,8684
132,29,7712
132,30,7036
132,31,6156
132,32,5788
132,33,5252
132,34,4820
132,35,4184
132,36,3880
132,37,3464
132,38,3284
132,39,2976
133,0,2824
133,1,3064
133,2,3536
133,3,3644
133,4,3916
133,5,4468
133,6,5084
133,7,5092
133,8,5712
133,9,6508
133,10,6836
133,11,8044
133,12,9304
133,13,10716
133,14,11884
133,15,14092
133,16,16468
133,17,20428
133,18,26820
133,19,40908
133,20,41528
133,21,27412
133,22,21008
133,23,17248
133,24,14096
133,25,12232
133,26,10336
133,27,9424
133,28,8588
133,29,7544
133,30,6748
133,31,6200
133,32,5360
133,33,5176
133,34,4572
133,35,3920
133,36,3612
133,37,3428
133,38,3248
133,39,2744
134,0,2792
134,1,3128
134,2,3192
134,3,3532
134,4,3764
134,5,4116
134,6,4568
134,7,5124
134,8,5556
134,9,5788
134,10,6864
134,11,7812
134,12,8516
134,13,10108
134,14,11188
134,15,13100
134,16,16324
134,17,19932
134,18,26460
134,19,41016
134,20,40712
134,21,25436
134,22,20076
134,23,16656
134,24,13568
134,25,11524
134,26,10104
134,27,8832
134,28,7956
134,29,7136
134,30,6364
134,31,5704
134,32,4992
134,33,4524
134,34,4168
134,35,3940
134,36,3372
134,37,3340
134,38,2972
134,39,2772
135,0,2552
135,1,2804
135,2,3068
135,3,3404
135,4,3560
135,5,3828
135,6,4340
135,7,4740
135,8,5272
135,9,5940
135,10,6484
135,11,7468
135,12,8168
135,13,9600
135,14,11208
135,15,12824
135,16,15632
135,17,18968
135,18,25012
135,19,40500
135,20,40600
135,21,24980
135,22,19712
135,23,15580
135,24,13408
135,25,11040
135,26,9356
135,27,7924
135,28,7548
135,29,6620
135,30,6152
135,31,5376
135,32,5008
135,33,4452
135,34,4152
135,35,3880
135,36,3472
135,37,3004
135,38,2720
135,39,2680
136,0,2500
136,1,2852
136,2,2988
136,3,3232
136,4,3400
136,5,3836
136,6,4204
136,7,4580
136,8,4796
136,9,5388
136,10,6248
136,11,6808
136,12,8212
136,13,8936
136,14,9944
136,15,12304
136,16,14472
136,17,17500
136,18,23584
136,19,38372
136,20,38668
136,21,23508
136,22,17592
136,23,15028
136,24,12508
136,25,10424
136,26,9288
136,27,8012
136,28,6832
136,29,6136
136,30,5648
136,31,5296
136,32,4528
136,33,4256
136,34,3856
136,35,3584
136,36,3188
136,37,3064
136,38,2748
136,39,2716
137,0,2428
137,1,2556
137,2,2812
137,3,3040
137,4,3384
137,5,3596
137,6,3864
137,7,4244
137,8,4700
137,9,5384
137,10,5892
137,11,6652
137,12,7300
137,13,8368
137,14,9536
137,15,11212
137,16,13132
137,17,16412
137,18,21036
137,19,37620
137,20,37328
137,21,21556
137,22,16752
137,23,13404
137,24,11504
137,25,9948
137,26,8632
137,27,7420
137,28,6760
137,29,5904
137,30,5292
137,31,5012
137,32,4452
137,33,4132
137,34,3836
137,35,3592
137,36,3132
137,37,2668
137,38,2548
137,39,2500
138,0,2376
138,1,2548
138,2,2692
138,3,3020
138,4,3144
138,5,3520
138,6,3792
138,7,4256
138,8,4492
138,9,5072
138,10,5556
138,11,6380
138,12,7208
138,13,7556
138,14,8816
138,15,10476
138,16,12156
138,17,14768
138,18,19572
138,19,35268
138,20,34760
138,21,20072
138,22,14968
138,23,12444
138,24,10484
138,25,9408
138,26,8376
138,27,7308
138,28,6532
138,29,5748
138,30,5260
138,31,4820
138,32,4256
138,33,3832
138,34,3512
138,35,3364
138,36,3088
138,37,2828
138,38,2624
138,39,2344
139,0,2388
139,1,2464
139,2,2384
139,3,2736
139,4,2872
139,5,3316
139,6,3468
139,7,3900
139,8,4296
139,9,4768
139,10,5296
139,11,5644
139,12,6168
139,13,7012
139,14,8292
139,15,9532
139,16,11100
139,17,13340
139,18,16712
139,19,29472
139,20,30312
139,21,16732
139,22,13240
139,23,10824
139,24,9388
139,25,8084
139,26,7200
139,27,6352
139,28,5824
139,29,5480
139,30,4808
139,31,4428
139,32,4108
139,33,3580
139,34,3208
139,35,3008
139,36,2864
139,37,2476
139,38,2536
139,39,2328
140,0,2084
140,1,2232
140,2,2624
140,3,2800
140,4,3020
140,5,3284
140,6,3500
140,7,3732
140,8,4312
140,9,4408
140,10,4916
140,11,5680
140,12,6156
140,13,6988
140,14,7676
140,15,8420
140,16,9684
140,17,11044
140,18,13292
140,19,15556
140,20,16316
140,21,13396
140,22,11012
140,23,10016
140,24,8400
140,25,7032
140,26,6904
140,27,5832
140,28,5304
140,29,4756
140,30,4532
140,31,4024
140,32,4028
140,33,3520
140,34,3040
140,35,2788
140,36,2956
140,37,2676
140,38,2276
140,39,2172
141,0,2120
141,1,2188
141,2,2400
141,3,2820
141,4,2868
141,5,3024
141,6,3252
141,7,3632
141,8,3984
141,9,4308
141,10,4580
141,11,4708
141,12,5496
141,13,5996
141,14,6328
141,15,7544
141,16,8516
141,17,9192
141,18,10336
141,19,11368
141,20,11220
141,21,10200
141,22,9088
141,23,8248
141,24,7868
141,25,6860
141,26,5852
141,27,5324
141,28,4816
141,29,4592
141,30,4304
141,31,3756
141,32,3544
141,33,3556
141,34,3272
141,35,2744
141,36,2600
141,37,2604
141,38,2224
141,39,2152
142,0,1912
142,1,2224
142,2,2300
142,3,2548
142,4,2636
142,5,2904
142,6,3188
142,7,3464
142,8,3660
142,9,3864
142,10,4204
142,11,4556
142,12,4920
142,13,5364
142,14,5988
142,15,6636
142,16,7380
142,17,7548
142,18,8300
142,19,8820
142,20,8804
142,21,8348
142,22,7928
142,23,7132
142,24,6460
142,25,6264
142,26,5384
142,27,4988
142,28,4596
142,29,4040
142,30,3652
142,31,3832
142,32,3484
142,33,3156
142,34,2884
142,35,2620
142,36,2516
142,37,2384
142,38,2280
142,39,2020
143,0,1992
143,1,1900
143,2,2188
143,3,2332
143,4,2548
143,5,2640
143,6,2756
143,7,3104
143,8,3432
143,9,3652
143,10,3700
143,11,4180
143,12,4408
143,13,4756
143,14,5448
143,15,5780
143,16,6324
143,17,6644
143,18,6980
143,19,7260
143,20,7156
143,21,7088
143,22,6492
143,23,5884
143,24,6088
143,25,5472
143,26,5196
143,27,4736
143,28,4172
143,29,3716
143,30,3604
143,31,3356
143,32,3084
143,33,3088
143,34,2780
143,35,2540
143,36,2336
143,37,2316
143,38,2088
143,39,1964
144,0,1828
144,1,1960
144,2,2048
144,3,2216
144,4,2216
144,5,2620
144,6,2640
144,7,2844
144,8,2976
144,9,3244
144,10,3460
144,11,3700
144,12,4028
144,13,4480
144,14,4736
144,15,5032
144,16,5240
144,17,5596
144,18,5668
144,19,6120
144,20,5940
144,21,6004
144,22,5692
144,23,5424
144,24,5056
144,25,4904
144,26,4616
144,27,4312
144,28,4012
144,29,3688
144,30,3188
144,31,2924
144,32,2904
144,33,2664
144,34,2596
144,35,2484
144,36,2236
144,37,2052
144,38,1924
144,39,1892
145,0,1728
145,1,1860
145,2,2052
145,3,2056
145,4,2316
145,5,2188
145,6,2560
145,7,2796
145,8,2948
145,9,2908
145,10,3328
145,11,3448
145,12,4048
145,13,3936
145,14,4268
145,15,4328
145,16,4728
145,17,5044
145,18,5052
145,19,5204
145,20,5188
145,21,5244
145,22,5180
145,23,4376
145,24,4284
145,25,4336
145,26,4132
145,27,3920
145,28,3476
145,29,3276
145,30,3168
145,31,2828
145,32,2648
145,33,2536
145,34,2272
145,35,2284
145,36,2048
145,37,1988
145,38,1864
145,39,1764
146,0,1664
146,1,1624
146,2,1796
146,3,1848
146,4,1904
146,5,2212
146,6,2320
146,7,2672
146,8,2464
146,9,2852
146,10,2848
146,11,3292
146,12,3428
146,13,3516
146,14,3704
146,15,4064
146,16,4076
146,17,4424
146,18,4220
146,19,4636
146,20,4456
146,21,4364
146,22,4340
146,23,4124
146,24,3920
146,25,3680
146,26,3648
146,27,3432
146,28,3268
146,29,3012
146,30,2820
146,31,2560
146,32,2652
146,33,2404
146,34,2220
146,35,2004
146,36,1768
146,37,1916
146,38,1788
146,39,1756
147,0,1500
147,1,1616
147,2,1700
147,3,1648
147,4,1964
147,5,2176
147,6,2324
147,7,2168
147,8,2308
147,9,2668
147,10,2600
147,11,3084
147,12,3008
147,13,3112
147,14,3268
147,15,3604
147,16,3784
147,17,3940
147,18,3852
147,19,3940
147,20,3888
147,21,3908
147,22,4024
147,23,3528
147,24,3416
147,25,3292
147,26,3312
147,27,3192
147,28,3236
147,29,2744
147,30,2620
147,31,2472
147,32,2328
147,33,2196
147,34,2108
147,35,1976
147,36,1744
147,37,1680
147,38,1656
147,39,1532
148,0,1436
148,1,1536
148,2,1668
148,3,1752
148,4,1968
148,5,1992
148,6,1836
148,7,2116
148,8,2328
148,9,2376
148,10,2688
148,11,2740
148,12,2652
148,13,2804
148,14,3088
148,15,3080
148,16,3504
148,17,3292
148,18,3344
148,19,3408
148,20,3448
148,21,3596
148,22,3300
148,23,3220
148,24,3116
148,25,2756
148,26,2932
148,27,2836
148,28,2640
148,29,2700
148,30,2276
148,31,2504
148,32,2168
148,33,1992
148,34,2052
148,35,1836
148,36,2004
148,37,1628
148,38,1412
148,39,1344
149,0,1384
149,1,1460
149,2,1540
149,3,1616
149,4,1656
149,5,1680
149,6,1868
149,7,2016
149,8,2032
149,9,2332
149,10,2352
149,11,2348
149,12,2428
149,13,2512
149,14,2776
149,15,2688
149,16,3464
149,17,3080
149,18,3028
149,19,3076
149,20,3148
149,21,2940
149,22,3124
149,23,3036
149,24,2848
149,25,2644
149,26,2308
149,27,2432
149,28,2388
149,29,2504
149,30,2284
149,31,2044
149,32,2000
149,33,1732
149,34,1788
149,35,1824
149,36,1644
149,37,1632
149,38,1464
149,39,1456
150,0,1224
150,1,1384
150,2,1464
150,3,1624
150,4,1516
150,5,1656
150,6,1764
150,7,1840
150,8,2096
150,9,1996
150,10,2084
150,11,2220
150,12,2320
150,13,2428
150,14,2244
150,15,2748
150,16,2636
150,17,2600
150,18,2528
150,19,2520
150,20,2764
150,21,2724
150,22,2724
150,23,2528
150,24,2696
150,25,2584
150,26,2188
150,27,2324
150,28,2272
150,29,2148
150,30,2068
150,31,2080
150,32,1868
150,33,1868
150,34,1608
150,35,1620
150,36,1600
150,37,1504
150,38,1384
150,39,1348
151,0,1088
151,1,1280
151,2,1376
151,3,1472
151,4,1428
151,5,1576
151,6,1540
151,7,1780
151,8,1816
151,9,1888
151,10,1816
151,11,1884
151,12,2104
151,13,2300
151,14,2204
151,15,2440
151,16,2508
151,17,2528
151,18,2308
151,19,2476
151,20,2432
151,21,2580
151,22,2356
151,23,2392
151,24,2144
151,25,2252
151,26,2152
151,27,2020
151,28,1988
151,29,2036
151,30,1928
151,31,1688
151,32,1752
151,33,1580
151,34,1724
151,35,1456
151,36,1304
151,37,1352
151,38,1316
151,39,1256
152,0,1336
152,1,1232
152,2,1296
152,3,1368
152,4,1340
152,5,1392
152,6,1536
152,7,1592
152,8,1724
152,9,1772
152,10,1732
152,11,1804
152,12,1912
152,13,1856
152,14,2072
152,15,2112
152,16,2100
152,17,2092
152,18,2200
152,19,2236
152,20,2224
152,21,2236
152,22,2076
152,23,2276
152,24,2068
152,25,2224
152,26,1968
152,27,1864
152,28,1744
152,29,1888
152,30,1856
152,31,1788
152,32,1580
152,33,1500
152,34,1440
152,35,1328
152,36,1380
152,37,1360
152,38,1324
152,39,1212
153,0,1120
153,1,1160
153,2,1192
153,3,1328
153,4,1248
153,5,1360
153,6,1428
153,7,1464
153,8,1596
153,9,1548
153,10,1620
153,11,1716
153,12,1772
153,13,1836
153,14,1824
153,15,1988
153,16,2060
153,17,2032
153,18,1960
153,19,2096
153,20,2012
153,21,2192
153,22,2064
153,23,1936
153,24,1848
153,25,1768
153,26,1764
153,27,1620
153,28,1644
153,29,1624
153,30,1704
153,31,1668
153,32,1528
153,33,1412
153,34,1404
153,35,1340
153,36,1252
153,37,1228
153,38,1208
153,39,1040
154,0,1044
154,1,1156
154,2,1128
154,3,1120
154,4,1236
154,5,1352
154,6,1332
154,7,1368
154,8,1312
154,9,1368
154,10,1408
154,11,1600
154,12,1544
154,13,1660
154,14,1736
154,15,1972
154,16,1800
154,17,1804
154,18,1780
154,19,1784
154,20,1752
154,21,1920
154,22,1840
154,23,1840
154,24,1820
154,25,1920
154,26,1624
154,27,1588
154,28,1492
154,29,1380
154,30,1464
154,31,1476
154,32,1436
154,33,1284
154,34,1372
154,35,1208
154,36,1168
154,37,1160
154,38,1056
154,39,1040
155,0,980
155,1,964
155,2,1116
155,3,1016
155,4,1028
155,5,1232
155,6,1188
155,7,1300
155,8,1392
155,9,1292
155,10,1504
155,11,1464
155,12,1460
155,13,1528
155,14,1640
155,15,1552
155,16,1584
155,17,1608
155,18,1580
155,19,1560
155,20,1688
155,21,1672
155,22,1656
155,23,1712
155,24,1580
155,25,1528
155,26,1488
155,27,1408
155,28,1400
155,29,1308
155,30,1380
155,31,1408
155,32,1416
155,33,1332
155,34,1236
155,35,1168
155,36,1156
155,37,1124
155,38,988
155,39,1040
156,0,1000
156,1,964
156,2,1012
156,3,996
156,4,1044
156,5,1072
156,6,1240
156,7,1196
156,8,1200
156,9,1276
156,10,1292
156,11,1420
156,12,1336
156,13,1440
156,14,1456
156,15,1492
156,16,1500
156,17,1540
156,18,1460
156,19,1412
156,20,1564
156,21,1620
156,22,1600
156,23,1504
156,24,1528
156,25,1436
156,26,1464
156,27,1416
156,28,1272
156,29,1196
156,30,1196
156,31,1256
156,32,1260
156,33,1124
156,34,1112
156,35,1056
156,36,1040
156,37,996
156,38,984
156,39,1012
157,0,856
157,1,920
157,2,900
157,3,980
157,4,1128
157,5,1028
157,6,1020
157,7,1028
157,8,1140
157,9,1144
157,10,1204
157,11,1236
157,12,1232
157,13,1376
157,14,1152
157,15,1408
157,16,1412
157,17,1460
157,18,1340
157,19,1348
157,20,1372
157,21,1436
157,22,1408
157,23,1316
157,24,1332
157,25,1280
157,26,1388
157,27,1184
157,28,1192
157,29,1088
157,30,1092
157,31,1268
157,32,1224
157,33,1212
157,34,1100
157,35,1036
157,36,1012
157,37,892
157,38,944
157,39,896
158,0,812
158,1,864
158,2,984
158,3,900
158,4,948
158,5,1008
158,6,1036
158,7,1124
158,8,1056
158,9,1108
158,10,1136
158,11,1052
158,12,1112
158,13,1108
158,14,1336
158,15,1248
158,16,1272
158,17,1244
158,18,1200
158,19,1300
158,20,1356
158,21,1272
158,22,1384
158,23,1400
158,24,1136
158,25,1324
158,26,1120
158,27,1236
158,28,1168
158,29,1072
158,30,1044
158,31,1052
158,32,1064
158,33,1064
158,34,964
158,35,992
158,36,852
158,37,884
158,38,820
158,39,912
159,0,728
159,1,680
159,2,808
159,3,896
159,4,936
159,5,864
159,6,892
159,7,940
159,8,908
159,9,1024
159,10,1020
159,11,1012
159,12,976
159,13,1192
159,14,1096
159,15,1160
159,16,1168
159,17,1160
159,18,1276
159,19,1136
159,20,1216
159,21,1140
159,22,1212
159,23,1220
159,24,1180
159,25,1124
159,26,972
159,27,1192
159,28,1040
159,29,1000
159,30,876
159,31,860
159,32,1116
159,33,952
159,34,968
159,35,864
159,36,876
159,37,848
159,38,796
159,39,812
160,0,768
160,1,792
160,2,776
160,3,820
160,4,800
160,5,912
160,6,932
160,7,800
160,8,960
160,9,940
160,10,976
160,11,1088
160,12,1036
160,13,1008
160,14,1024
160,15,1144
160,16,1192
160,17,1044
160,18,1084
160,19,1080
160,20,1104
160,21,1072
160,22,1116
160,23,1164
160,24,976
160,25,1064
160,26,1124
160,27,972
160,28,960
160,29,980
160,30,904
160,31,916
160,32,872
160,33,860
160,34,960
160,35,852
160,36,828
160,37,740
160,38,692
160,39,760
161,0,640
161,1,764
161,2,800
161,3,852
161,4,752
161,5,824
161,6,800
161,7,772
161,8,872
161,9,1020
161,10,944
161,11,920
161,12,992
161,13,1016
161,14,1048
161,15,1028
161,16,1056
161,17,1024
161,18,912
161,19,1028
161,20,1012
161,21,1012
161,22,1252
161,23,1108
161,24,1016
161,25,912
161,26,936
161,27,1076
161,28,928
161,29,904
161,30,736
161,31,864
161,32,860
161,33,864
161,34,860
161,35,852
161,36,740
161,37,772
161,38,700
161,39,672
162,0,652
162,1,664
162,2,656
162,3,716
162,4,772
162,5,764
162,6,812
162,7,776
162,8,812
162,9,880
162,10,828
162,11,796
162,12,892
162,13,852
162,14,912
162,15,872
162,16,944
162,17,884
162,18,1004
162,19,984
162,20,1060
162,21,1000
162,22,840
162,23,944
162,24,964
162,25,888
162,26,896
162,27,804
162,28,860
162,29,840
162,30,776
162,31,660
162,32,748
162,33,820
162,34,784
162,35,828
162,36,724
162,37,728
162,38,740
162,39,636
163,0,712
163,1,600
163,2,648
163,3,668
163,4,816
163,5,676
163,6,832
163,7,704
163,8,740
163,9,712
163,10,740
163,11,764
163,12,824
163,13,852
163,14,924
163,15,960
163,16,896
163,17,908
163,18,896
163,19,884
163,20,796
163,21,900
163,22,960
163,23,932
163,24,824
163,25,936
163,26,820
163,27,852
163,28,788
163,29,824
163,30,704
163,31,740
163,32,760
163,33,784
163,34,764
163,35,792
163,36,796
163,37,752
163,38,616
163,39,680
164,0,600
164,1,496
164,2,704
164,3,620
164,4,672
164,5,744
164,6,640
164,7,688
164,8,756
164,9,692
164,10,744
164,11,736
164,12,800
164,13,780
164,14,824
164,15,764
164,16,948
164,17,780
164,18,836
164,19,792
164,20,824
164,21,800
164,22,908
164,23,904
164,24,768
164,25,748
164,26,792
164,27,720
164,28,796
164,29,784
164,30,660
164,31,704
164,32,784
164,33,692
164,34,560
164,35,668
164,36,724
164,37,628
164,38,600
164,39,632
165,0,564
165,1,588
165,2,552
165,3,680
165,4,604
165,5,640
165,6,556
165,7,664
165,8,592
165,9,592
165,10,764
165,11,724
165,12,796
165,13,720
165,14,808
165,15,764
165,16,816
165,17,644
165,18,752
165,19,792
165,20,788
165,21,812
165,22,752
165,23,860
165,24,692
165,25,700
165,26,684
165,27,780
165,28,720
165,29,728
165,30,668
165,31,672
165,32,640
165,33,664
165,34,664
165,35,696
165,36,656
165,37,648
165,38,604
165,39,544
166,0,472
166,1,528
166,2,600
166,3,632
166,4,696
166,5,616
166,6,584
166,7,760
166,8,620
166,9,612
166,10,628
166,11,552
166,12,668
166,13,672
166,14,752
166,15,700
166,16,844
166,17,792
166,18,728
166,19,680
166,20,736
166,21,692
166,22,780
166,23,728
166,24,792
166,25,632
166,26,756
166,27,696
166,28,628
166,29,552
166,30,620
166,31,644
166,32,660
166,33,512
166,34,616
166,35,652
166,36,616
166,37,512
166,38,492
166,39,576
167,0,508
167,1,528
167,2,620
167,3,628
167,4,640
167,5,524
167,6,648
167,7,488
167,8,600
167,9,628
167,10,552
167,11,616
167,12,656
167,13,712
167,14,740
167,15,700
167,16,580
167,17,656
167,18,660
167,19,660
167,20,624
167,21,620
167,22,764
167,23,708
167,24,660
167,25,696
167,26,720
167,27,596
167,28,736
167,29,708
167,30,620
167,31,608
167,32,584
167,33,540
167,34,560
167,35,528
167,36,640
167,37,636
167,38,600
167,39,480
168,0,476
168,1,552
168,2,540
168,3,560
168,4,552
168,5,492
168,6,536
168,7,524
168,8,528
168,9,512
168,10,548
168,11,556
168,12,616
168,13,684
168,14,724
168,15,640
168,16,660
168,17,624
168,18,680
168,19,652
168,20,652
168,21,668
168,22,652
168,23,720
168,24,672
168,25,624
168,26,596
168,27,596
168,28,668
168,29,528
168,30,484
168,31,568
168,32,528
168,33,544
168,34,512
168,35,508
168,36,556
168,37,508
168,38,612
168,39,460
169,0,444
169,1,492
169,2,520
169,3,600
169,4,520
169,5,484
169,6,564
169,7,592
169,8,516
169,9,532
169,10,544
169,11,512
169,12,636
169,13,592
169,14,596
169,15,548
169,16,664
169,17,584
169,18,568
169,19,540
169,20,588
169,21,576
169,22,580
169,23,576
169,24,572
169,25,584
169,26,560
169,27,600
169,28,520
169,29,648
169,30,548
169,31,528
169,32,528
169,33,532
169,34,496
169,35,560
169,36,532
169,37,516
169,38,488
169,39,460
170,0,412
170,1,484
170,2,548
170,3,496
170,4,452
170,5,532
170,6,412
170,7,408
170,8,488
170,9,464
170,10,460
170,11,552
170,12,500
170,13,572
170,14,568
170,15,588
170,16,508
170,17,580
170,18,504
170,19,552
170,20,532
170,21,648
170,22,588
170,23,540
170,24,688
170,25,500
170,26,512
170,27,564
170,28,552
170,29,484
170,30,472
170,31,476
170,32,536
170,33,480
170,34,448
170,35,476
170,36,440
170,37,556
170,38,520
170,39,548
171,0,420
171,1,388
171,2,512
171,3,512
171,4,396
171,5,464
171,6,480
171,7,468
171,8,472
171,9,496
171,10,484
171,11,588
171,12,508
171,13,608
171,14,444
171,15,528
171,16,544
171,17,480
171,18,552
171,19,536
171,20,560
171,21,488
171,22,608
171,23,612
171,24,532
171,25,520
171,26,508
171,27,476
171,28,468
171,29,492
171,30,480
171,31,408
171,32,448
171,33,488
171,34,452
171,35,400
171,36,500
171,37,496
171,38,420
171,39,440
172,0,352
172,1,472
172,2,412
172,3,396
172,4,480
172,5,400
172,6,368
172,7,528
172,8,436
172,9,516
172,10,472
172,11,492
172,12,580
172,13,428
172,14,484
172,15,500
172,16,480
172,17,520
172,18,488
172,19,456
172,20,452
172,21,516
172,22,524
172,23,504
172,24,516
172,25,476
172,26,548
172,27,540
172,28,508
172,29,536
172,30,388
172,31,444
172,32,516
172,33,456
172,34,428
172,35,360
172,36,416
172,37,460
172,38,452
172,39,420
173,0,452
173,1,436
173,2,452
173,3,424
173,4,380
173,5,452
173,6,464
173,7,400
173,8,388
173,9,352
173,10,440
173,11,420
173,12,496
173,13,636
173,14,444
173,15,532
173,16,568
173,17,484
173,18,488
173,19,420
173,20,476
173,21,444
173,22,440
173,23,488
173,24,496
173,25,460
173,26,484
173,27,528
173,28,420
173,29,484
173,30,448
173,31,424
173,32,348
173,33,476
173,34,448
173,35,388
173,36,388
173,37,400
173,38,360
173,39,360
174,0,364
174,1,376
174,2,416
174,3,384
174,4,404
174,5,352
174,6,384
174,7,320
174,8,432
174,9,400
174,10,436
174,11,440
174,12,408
174,13,512
174,14,484
174,15,456
174,16,504
174,17,404
174,18,416
174,19,456
174,20,460
174,21,448
174,22,444
174,23,408
174,24,532
174,25,480
174,26,428
174,27,352
174,28,440
174,29,416
174,30,392
174,31,344
174,32,424
174,33,424
174,34,372
174,35,372
174,36,336
174,37,360
174,38,468
174,39,404
175,0,388
175,1,288
175,2,376
175,3,336
175,4,264
175,5,304
175,6,392
175,7,376
175,8,360
175,9,392
175,10,340
175,11,444
175,12,396
175,13,476
175,14,388
175,15,408
175,16,396
175,17,488
175,18,396
175,19,440
175,20,408
175,21,400
175,22,472
175,23,376
175,24,480
175,25,352
175,26,380
175,27,412
175,28,396
175,29,424
175,30,380
175,31,340
175,32,372
175,33,348
175,34,488
175,35,344
175,36,312
175,37,380
175,38,368
175,39,380
176,0,432
176,1,328
176,2,380
176,3,364
176,4,356
176,5,324
176,6,288
176,7,412
176,8,420
176,9,400
176,10,368
176,11,420
176,12,428
176,13,396
176,14,420
176,15,436
176,16,444
176,17,388
176,18,432
176,19,392
176,20,364
176,21,432
176,22,492
176,23,480
176,24,500
176,25,416
176,26,380
176,27,408
176,28,400
176,29,400
176,30,432
176,31,296
176,32,368
176,33,400
176,34,360
176,35,388
176,36,320
176,37,352
176,38,416
176,39,348
177,0,332
177,1,324
177,2,320
177,3,324
177,4,364
177,5,332
177,6,344
177,7,356
177,8,340
177,9,308
177,10,392
177,11,444
177,12,420
177,13,436
177,14,400
177,15,344
177,16,416
177,17,312
177,18,412
177,19,328
177,20,364
177,21,336
177,22,376
177,23,384
177,24,376
177,25,432
177,26,328
177,27,412
177,28,436
177,29,364
177,30,324
177,31,384
177,32,312
177,33,392
177,34,400
177,35,324
177,36,340
177,37,324
177,38,420
177,39,396
178,0,328
178,1,336
178,2,324
178,3,292
178,4,320
178,5,332
178,6,328
178,7,328
178,8,348
178,9,360
178,10,352
178,11,360
178,12,336
178,13,368
178,14,404
178,15,384
178,16,396
178,17,400
178,18,376
178,19,344
178,20,336
178,21,348
178,22,368
178,23,384
178,24,324
178,25,372
178,26,392
178,27,372
178,28,308
178,29,312
178,30,372
178,31,320
178,32,268
178,33,312
178,34,332
178,35,376
178,36,272
178,37,280
178,38,280
178,39,384
179,0,332
179,1,300
179,2,308
179,3,232
179,4,304
179,5,296
179,6,304
179,7,320
179,8,308
179,9,292
179,10,312
179,11,296
179,12,388
179,13,320
179,14,380
179,15,368
179,16,336
179,17,372
179,18,304
179,19,380
179,20,312
179,21,388
179,22,416
179,23,388
179,24,360
179,25,372
179,26,368
179,27,368
179,28,396
179,29,404
179,30,328
179,31,308
179,32,228
179,33,284
179,34,344
179,35,300
179,36,308
179,37,232
179,38,312
179,39,320
180,0,284
180,1,288
180,2,372
180,3,316
180,4,320
180,5,308
180,6,340
180,7,264
180,8,332
180,9,316
180,10,400
180,11,308
180,12,320
180,13,324
180,14,356
180,15,308
180,16,356
180,17,300
180,18,316
180,19,288
180,20,344
180,21,304
180,22,324
180,23,324
180,24,396
180,25,400
180,26,288
180,27,288
180,28,264
180,29,244
180,30,348
180,31,372
180,32,308
180,33,296
180,34,292
180,35,368
180,36,300
180,37,296
180,38,228
180,39,352
181,0,328
181,1,224
181,2,252
181,3,272
181,4,232
181,5,216
181,6,352
181,7,340
181,8,344
181,9,272
181,10,388
181,11,356
181,12,396
181,13,312
181,14,272
181,15,348
181,16,288
181,17,300
181,18,376
181,19,312
181,20,272
181,21,268
181,22,324
181,23,348
181,24,328
181,25,352
181,26,356
181,27,344
181,28,348
181,29,328
181,30,280
181,31,324
181,32,304
181,33,232
181,34,268
181,35,308
181,36,324
181,37,280
181,38,236
181,39,296
182,0,264
182,1,260
182,2,248
182,3,272
182,4,288
182,5,224
182,6,288
182,7,268
182,8,212
182,9,304
182,10,332
182,11,308
182,12,300
182,13,276
182,14,316
182,15,264
182,16,304
182,17,320
182,18,304
182,19,296
182,20,272
182,21,328
182,22,292
182,23,328
182,24,316
182,25,348
182,26,304
182,27,348
182,28,300
182,29,296
182,30,272
182,31,276
182,32,280
182,33,236
182,34,308
182,35,240
182,36,316
182,37,252
182,38,288
182,39,260
183,0,276
183,1,260
183,2,268
183,3,208
183,4,212
183,5,312
183,6,224
183,7,304
183,8,256
183,9,224
183,10,288
183,11,268
183,12,292
183,13,276
183,14,340
183,15,360
183,16,244
183,17,288
183,18,320
183,19,284
183,20,296
183,21,180
183,22,332
183,23,232
183,24,232
183,25,260
183,26,320
183,27,224
183,28,244
183,29,292
183,30,300
183,31,248
183,32,320
183,33,276
183,34,296
183,35,276
183,36,252
183,37,280
183,38,264
183,39,228
184,0,268
184,1,256
184,2,256
184,3,232
184,4,260
184,5,232
184,6,276
184,7,316
184,8,256
184,9,196
184,10,228
184,11,308
184,12,292
184,13,340
184,14,312
184,15,220
184,16,292
184,17,328
184,18,328
184,19,252
184,20,244
184,21,340
184,22,284
184,23,264
184,24,296
184,25,264
184,26,288
184,27,284
184,28,292
184,29,264
184,30,324
184,31,260
184,32,224
184,33,236
184,34,212
184,35,252
184,36,304
184,37,272
184,38,260
184,39,180
185,0,244
185,1,240
185,2,196
185,3,236
185,4,268
185,5,312
185,6,264
185,7,232
185,8,340
185,9,308
185,10,288
185,11,292
185,12,280
185,13,264
185,14,252
185,15,296
185,16,256
185,17,316
185,18,180
185,19,228
185,20,256
185,21,276
185,22,348
185,23,340
185,24,308
185,25,272
185,26,252
185,27,284
185,28,296
185,29,248
185,30,220
185,31,232
185,32,248
185,33,208
185,34,228
185,35,228
185,36,240
185,37,296
185,38,260
185,39,212
186,0,240
186,1,188
186,2,188
186,3,172
186,4,248
186,5,248
186,6,240
186,7,204
186,8,236
186,9,296
186,10,236
186,11,268
186,12,240
186,13,276
186,14,212
186,15,304
186,16,220
186,17,236
186,18,292
186,19,256
186,20,256
186,21,224
186,22,260
186,23,236
186,24,188
186,25,252
186,26,272
186,27,280
186,28,284
186,29,308
186,30,232
186,31,208
186,32,256
186,33,232
186,34,248
186,35,240
186,36,228
186,37,256
186,38,232
186,39,212
187,0,236
187,1,240
187,2,216
187,3,156
187,4,208
187,5,220
187,6,228
187,7,176
187,8,188
187,9,248
187,10,260
187,11,240
187,12,228
187,13,272
187,14,216
187,15,288
187,16,280
187,17,224
187,18,272
187,19,248
187,20,236
187,21,220
187,22,252
187,23,276
187,24,268
187,25,288
187,26,256
187,27,224
187,28,256
187,29,224
187,30,240
187,31,236
187,32,240
187,33,264
187,34,216
187,35,264
187,36,256
187,37,164
187,38,204
187,39,256
188,0,256
188,1,188
188,2,192
188,3,240
188,4,232
188,5,228
188,6,224
188,7,200
188,8,276
188,9,188
188,10,208
188,11,256
188,12,216
188,13,256
188,14,264
188,15,256
188,16,248
188,17,252
188,18,204
188,19,256
188,20,168
188,21,212
188,22,232
188,23,256
188,24,288
188,25,224
188,26,252
188,27,256
188,28,236
188,29,244
188,30,252
188,31,208
188,32,200
188,33,232
188,34,152
188,35,200
188,36,192
188,37,176
188,38,264
188,39,212
189,0,164
189,1,232
189,2,164
189,3,220
189,4,196
189,5,188
189,6,228
189,7,176
189,8,244
189,9,212
189,10,228
189,11,328
189,12,272
189,13,192
189,14,240
189,15,204
189,16,248
189,17,228
189,18,208
189,19,212
189,20,260
189,21,172
189,22,236
189,23,220
189,24,232
189,25,204
189,26,272
189,27,224
189,28,236
189,29,224
189,30,216
189,31,256
189,32,260
189,33,224
189,34,212
189,35,236
189,36,228
189,37,224
189,38,236
189,39,244
190,0,204
190,1,188
190,2,184
190,3,184
190,4,184
190,5,196
190,6,216
190,7,204
190,8,180
190,9,176
190,10,228
190,11,176
190,12,168
190,13,256
190,14,180
190,15,240
190,16,196
190,17,260
190,18,192
190,19,204
190,20,188
190,21,280
190,22,204
190,23,228
190,24,176
190,25,192
190,26,208
190,27,188
190,28,200
190,29,196
190,30,236
190,31,176
190,32,156
190,33,212
190,34,164
190,35,192
190,36,216
190,37,244
190,38,188
190,39,176
191,0,140
191,1,148
191,2,188
191,3,228
191,4,204
191,5,212
191,6,180
191,7,204
191,8,264
191,9,204
191,10,240
191,11,204
191,12,224
191,13,252
191,14,212
191,15,240
191,16,244
191,17,212
191,18,220
191,19,232
191,20,156
191,21,244
191,22,260
191,23,200
191,24,160
191,25,232
191,26,212
191,27,188
191,28,188
191,29,228
191,30,252
191,31,164
191,32,212
191,33,176
191,34,180
191,35,180
191,36,224
191,37,168
191,38,180
191,39,204
192,0,212
192,1,136
192,2,176
192,3,196
192,4,152
192,5,176
192,6,192
192,7,208
192,8,236
192,9,188
192,10,224
192,11,148
192,12,216
192,13,180
192,14,256
192,15,180
192,16,236
192,17,224
192,18,196
192,19,188
192,20,216
192,21,136
192,22,160
192,23,200
192,24,188
192,25,192
192,26,220
192,27,252
192,28,248
192,29,132
192,30,160
192,31,196
192,32,188
192,33,180
192,34,188
192,35,184
192,36,200
192,37,156
192,38,152
192,39,172
193,0,232
193,1,156
193,2,120
193,3,184
193,4,216
193,5,168
193,6,176
193,7,136
193,8,196
193,9,224
193,10,216
193,11,200
193,12,200
193,13,176
193,14,220
193,15,196
193,16,152
193,17,168
193,18,184
193,19,176
193,20,208
193,21,168
193,22,216
193,23,160
193,24,200
193,25,184
193,26,192
193,27,252
193,28,160
193,29,212
193,30,216
193,31,140
193,32,140
193,33,140
193,34,188
193,35,140
193,36,160
193,37,160
193,38,132
193,39,236
194,0,184
194,1,140
194,2,200
194,3,176
194,4,144
194,5,164
194,6,136
194,7,192
194,8,144
194,9,152
194,10,160
194,11,204
194,12,204
194,13,168
194,14,160
194,15,184
194,16,196
194,17,188
194,18,160
194,19,168
194,20,200
194,21,168
194,22,184
194,23,260
194,24,188
194,25,208
194,26,196
194,27,164
194,28,200
194,29,220
194,30,184
194,31,204
194,32,172
194,33,128
194,34,164
194,35,260
194,36,192
194,37,148
194,38,192
194,39,176
195,0,132
195,1,160
195,2,208
195,3,188
195,4,140
195,5,156
195,6,152
195,7,216
195,8,172
195,9,148
195,10,224
195,11,128
195,12,172
195,13,212
195,14,152
195,15,160
195,16,176
195,17,188
195,18,156
195,19,164
195,20,128
195,21,208
195,22,172
195,23,160
195,24,168
195,25,172
195,26,212
195,27,192
195,28,196
195,29,184
195,30,188
195,31,252
195,32,152
195,33,180
195,34,164
195,35,164
195,36,168
195,37,168
195,38,164
195,39,156
196,0,160
196,1,220
196,2,124
196,3,124
196,4,196
196,5,180
196,6,144
196,7,200
196,8,176
196,9,172
196,10,160
196,11,140
196,12,160
196,13,156
196,14,208
196,15,204
196,16,184
196,17,164
196,18,172
196,19,216
196,20,136
196,21,164
196,22,168
196,23,112
196,24,164
196,25,224
196,26,152
196,27,176
196,28,184
196,29,144
196,30,204
196,31,144
196,32,180
196,33,152
196,34,124
196,35,200
196,36,176
196,37,172
196,38,168
196,39,160
197,0,160
197,1,144
197,2,184
197,3,164
197,4,156
197,5,156
197,6,196
197,7,152
197,8,152
197,9,120
197,10,140
197,11,212
197,12,208
197,13,148
197,14,152
197,15,192
197,16,228
197,17,200
197,18,128
197,19,152
197,20,164
197,21,120
197,22,184
197,23,192
197,24,200
197,25,156
197,26,192
197,27,180
197,28,160
197,29,184
197,30,160
197,31,168
197,32,132
197,33,160
197,34,156
197,35,132
197,36,152
197,37,96
197,38,136
197,39,128
198,0,84
198,1,136
198,2,152
198,3,144
198,4,156
198,5,152
198,6,156
198,7,164
198,8,112
198,9,156
198,10,116
198,11,152
198,12,176
198,13,148
198,14,152
198,15,128
198,16,128
198,17,140
198,18,144
198,19,144
198,20,184
198,21,144
198,22,172
198,23,156
198,24,172
198,25,132
198,26,136
198,27,164
198,28,200
198,29,168
198,30,132
198,31,160
198,32,116
198,33,152
198,34,152
198,35,144
198,36,136
198,37,200
198,38,140
198,39,172
199,0,116
199,1,192
199,2,144
199,3,96
199,4,128
199,5,132
199,6,132
199,7,156
199,8,124
199,9,172
199,10,124
199,11,168
199,12,168
199,13,120
199,14,136
199,15,108
199,16,172
199,17,184
199,18,156
199,19,156
199,20,132
199,21,184
199,22,136
199,23,156
199,24,172
199,25,156
199,26,168
199,27,168
199,28,144
199,29,140
199,30,184
199,31,164
199,32,156
199,33,168
199,34,104
199,35,128
199,36,140
199,37,136
199,38,156
199,39,112
