
  1D histogram 1: trackL in absorber
 
 	     X 		     Y
  0	3.000000e-01	0.000000e+00
  1	9.000000e-01	0.000000e+00
  2	1.500000e+00	0.000000e+00
  3	2.100000e+00	0.000000e+00
  4	2.700000e+00	0.000000e+00
  5	3.300000e+00	0.000000e+00
  6	3.900000e+00	0.000000e+00
  7	4.500000e+00	0.000000e+00
  8	5.100000e+00	0.000000e+00
  9	5.700000e+00	0.000000e+00
  10	6.300000e+00	0.000000e+00
  11	6.900000e+00	0.000000e+00
  12	7.500000e+00	0.000000e+00
  13	8.100000e+00	0.000000e+00
  14	8.700000e+00	0.000000e+00
  15	9.300000e+00	0.000000e+00
  16	9.900000e+00	0.000000e+00
  17	1.050000e+01	0.000000e+00
  18	1.110000e+01	0.000000e+00
  19	1.170000e+01	0.000000e+00
  20	1.230000e+01	0.000000e+00
  21	1.290000e+01	0.000000e+00
  22	1.350000e+01	0.000000e+00
  23	1.410000e+01	0.000000e+00
  24	1.470000e+01	0.000000e+00
  25	1.530000e+01	0.000000e+00
  26	1.590000e+01	0.000000e+00
  27	1.650000e+01	0.000000e+00
  28	1.710000e+01	0.000000e+00
  29	1.770000e+01	0.000000e+00
  30	1.830000e+01	0.000000e+00
  31	1.890000e+01	0.000000e+00
  32	1.950000e+01	0.000000e+00
  33	2.010000e+01	0.000000e+00
  34	2.070000e+01	0.000000e+00
  35	2.130000e+01	0.000000e+00
  36	2.190000e+01	0.000000e+00
  37	2.250000e+01	0.000000e+00
  38	2.310000e+01	0.000000e+00
  39	2.370000e+01	0.000000e+00
  40	2.430000e+01	0.000000e+00
  41	2.490000e+01	0.000000e+00
  42	2.550000e+01	0.000000e+00
  43	2.610000e+01	0.000000e+00
  44	2.670000e+01	0.000000e+00
  45	2.730000e+01	0.000000e+00
  46	2.790000e+01	0.000000e+00
  47	2.850000e+01	0.000000e+00
  48	2.910000e+01	0.000000e+00
  49	2.970000e+01	0.000000e+00
  50	3.030000e+01	0.000000e+00
  51	3.090000e+01	0.000000e+00
  52	3.150000e+01	0.000000e+00
  53	3.210000e+01	0.000000e+00
  54	3.270000e+01	0.000000e+00
  55	3.330000e+01	3.000000e+00
  56	3.390000e+01	6.000000e+00
  57	3.450000e+01	4.700000e+01
  58	3.510000e+01	2.120000e+02
  59	3.570000e+01	5.360000e+02
  60	3.630000e+01	1.037000e+03
  61	3.690000e+01	1.647000e+03
  62	3.750000e+01	2.022000e+03
  63	3.810000e+01	1.867000e+03
  64	3.870000e+01	1.289000e+03
  65	3.930000e+01	7.890000e+02
  66	3.990000e+01	3.530000e+02
  67	4.050000e+01	1.410000e+02
  68	4.110000e+01	4.100000e+01
  69	4.170000e+01	7.000000e+00
  70	4.230000e+01	3.000000e+00
  71	4.290000e+01	0.000000e+00
  72	4.350000e+01	0.000000e+00
  73	4.410000e+01	0.000000e+00
  74	4.470000e+01	0.000000e+00
  75	4.530000e+01	0.000000e+00
  76	4.590000e+01	0.000000e+00
  77	4.650000e+01	0.000000e+00
  78	4.710000e+01	0.000000e+00
  79	4.770000e+01	0.000000e+00
  80	4.830000e+01	0.000000e+00
  81	4.890000e+01	0.000000e+00
  82	4.950000e+01	0.000000e+00
  83	5.010000e+01	0.000000e+00
  84	5.070000e+01	0.000000e+00
  85	5.130000e+01	0.000000e+00
  86	5.190000e+01	0.000000e+00
  87	5.250000e+01	0.000000e+00
  88	5.310000e+01	0.000000e+00
  89	5.370000e+01	0.000000e+00
  90	5.430000e+01	0.000000e+00
  91	5.490000e+01	0.000000e+00
  92	5.550000e+01	0.000000e+00
  93	5.610000e+01	0.000000e+00
  94	5.670000e+01	0.000000e+00
  95	5.730000e+01	0.000000e+00
  96	5.790000e+01	0.000000e+00
  97	5.850000e+01	0.000000e+00
  98	5.910000e+01	0.000000e+00
  99	5.970000e+01	0.000000e+00
